2 0.60625 0.2359375 0.0765625 0.03984375
2 0.46015625 0.3 0.0875 0.053125
2 0.41953125 0.32578125 0.025 0.025
2 0.2453125 0.27890625 0.0625 0.03984375
2 0.13984375 0.29296875 0.0484375 0.03828125
2 0.2734375 0.21796875 0.06796875 0.0359375
2 0.47578125 0.2328125 0.05859375 0.046875
2 0.34296875 0.0984375 0.07109375 0.03984375
2 0.29765625 0.34296875 0.04140625 0.04140625
2 0.35078125 0.3578125 0.0484375 0.03046875
2 0.32109375 0.4 0.05390625 0.0265625
2 0.48203125 0.43828125 0.07890625 0.0359375
2 0.53984375 0.484375 0.09140625 0.04375
2 0.4078125 0.4609375 0.05859375 0.06015625
2 0.10234375 0.11015625 0.0625 0.04375
2 0.09296875 0.02421875 0.08203125 0.0375
2 0.26171875 0.05390625 0.09453125 0.09765625
2 0.5921875 0.2859375 0.1015625 0.046875
2 0.58359375 0.325 0.05 0.04921875
2 0.49921875 0.375 0.0625 0.04375
2 0.32734375 0.3109375 0.06953125 0.05625
2 0.28359375 0.44765625 0.06796875 0.0640625
2 0.35703125 0.46015625 0.07890625 0.053125
2 0.11953125 0.5421875 0.0640625 0.05234375
2 0.44765625 0.55546875 0.0984375 0.04921875