1 0.58359375 0.3484375 0.0140625 0.0359375
1 0.55859375 0.36875 0.02890625 0.0359375
1 0.584375 0.38125 0.01875 0.03046875
1 0.621875 0.49296875 0.02734375 0.0359375
1 0.5859375 0.5296875 0.021875 0.0328125
1 0.58046875 0.55625 0.021875 0.05078125
1 0.553125 0.57421875 0.02734375 0.04609375
1 0.521875 0.5578125 0.01875 0.02265625
1 0.51484375 0.58671875 0.01875 0.03515625
1 0.525 0.60859375 0.021875 0.02265625
1 0.553125 0.6171875 0.01015625 0.0359375
1 0.5703125 0.60078125 0.015625 0.028125
1 0.50234375 0.68984375 0.02734375 0.02265625
1 0.4828125 0.7140625 0.015625 0.015625
1 0.540625 0.678125 0.01015625 0.0203125
1 0.56640625 0.659375 0.03046875 0.04296875
1 0.46328125 0.321875 0.0234375 0.04296875
1 0.434375 0.3 0.01640625 0.0359375
1 0.43984375 0.26484375 0.021875 0.040625
1 0.54296875 0.34296875 0.02734375 0.0609375
1 0.60234375 0.42421875 0.025 0.05078125
1 0.4875 0.678125 0.02578125 0.03046875