2 0.33828125 0.51796875 0.0296875 0.03984375
2 0.28125 0.5203125 0.0296875 0.0359375
2 0.7578125 0.68671875 0.0515625 0.03984375
2 0.70625 0.7578125 0.0859375 0.0625
2 0.76015625 0.73515625 0.046875 0.0359375
2 0.740625 0.634375 0.0515625 0.0640625
2 0.7765625 0.6046875 0.059375 0.0578125
2 0.80703125 0.62109375 0.046875 0.046875
2 0.8578125 0.61484375 0.06875 0.05078125
2 0.4609375 0.88046875 0.01953125 0.02890625
2 0.85234375 0.5015625 0.03984375 0.02890625
2 0.87109375 0.45703125 0.05625 0.0421875
2 0.8546875 0.3109375 0.059375 0.0640625
2 0.7046875 0.24453125 0.0546875 0.06015625
2 0.75390625 0.26640625 0.059375 0.06875
2 0.75625 0.021875 0.0296875 0.0359375
2 0.73671875 0.0625 0.05390625 0.0640625
2 0.759375 0.1515625 0.034375 0.046875
2 0.70078125 0.16328125 0.03671875 0.0359375
2 0.5390625 0.6609375 0.03671875 0.02890625
2 0.4953125 0.5578125 0.0296875 0.02265625
2 0.6015625 0.859375 0.04453125 0.0265625
2 0.55 0.91875 0.03984375 0.0421875
2 0.62578125 0.92578125 0.03984375 0.0578125