1 0.93671875 0.38515625 0.03984375 0.04140625
1 0.54453125 0.16796875 0.08671875 0.09375
1 0.67109375 0.34375 0.053125 0.06484375
1 0.09296875 0.36015625 0.09296875 0.08515625
1 0.06796875 0.45703125 0.06328125 0.09140625
1 0.446875 0.16875 0.06953125 0.0734375
1 0.32734375 0.08828125 0.06953125 0.06484375
1 0.45 0.40625 0.0765625 0.08203125
1 0.51640625 0.053125 0.0828125 0.046875
1 0.3125 0.01640625 0.053125 0.03203125
1 0.19609375 0.121875 0.0734375 0.06171875
1 0.3734375 0.19296875 0.08984375 0.0734375
1 0.08671875 0.146875 0.08671875 0.06484375
1 0.06171875 0.05625 0.11640625 0.0765625
1 0.11484375 0.26875 0.0828125 0.08515625
1 0.04140625 0.29296875 0.05625 0.06796875
1 0.153125 0.34296875 0.06640625 0.0796875
1 0.22109375 0.31640625 0.0765625 0.096875
1 0.30234375 0.3203125 0.0796875 0.08203125
1 0.4515625 0.33515625 0.046875 0.04140625
1 0.24453125 0.40625 0.06953125 0.046875
1 0.1296875 0.61796875 0.0796875 0.0765625
1 0.11640625 0.51640625 0.0734375 0.0796875
1 0.240625 0.51171875 0.103125 0.0703125
1 0.34921875 0.56328125 0.08671875 0.09140625
1 0.24765625 0.63203125 0.05 0.053125
1 0.29765625 0.6765625 0.06953125 0.06484375
1 0.36875 0.6484375 0.09296875 0.06796875
1 0.4203125 0.7015625 0.06953125 0.0796875
1 0.46328125 0.61796875 0.103125 0.0703125
1 0.4953125 0.69375 0.06015625 0.06484375
1 0.67109375 0.8203125 0.0796875 0.0703125
1 0.7578125 0.771875 0.0734375 0.0796875
1 0.80859375 0.81875 0.05 0.03828125
1 0.8140625 0.86640625 0.06015625 0.04375
1 0.7578125 0.86171875 0.0734375 0.05859375
1 0.7390625 0.31640625 0.04296875 0.0796875
1 0.6328125 0.2796875 0.06953125 0.06484375
1 0.53671875 0.446875 0.06328125 0.053125
1 0.4796875 0.78828125 0.06953125 0.08828125
1 0.62265625 0.13203125 0.09609375 0.0765625
1 0.503125 0.23125 0.05625 0.05625
1 0.62109375 0.33359375 0.046875 0.04375
1 0.21796875 0.06484375 0.06328125 0.046875
1 0.25078125 0.021875 0.05625 0.03828125
1 0.01640625 0.13125 0.0328125 0.053125
1 0.7859375 0.26484375 0.06328125 0.046875
1 0.971875 0.30625 0.05 0.04140625
1 0.5578125 0.71875 0.053125 0.04375
1 0.6265625 0.54296875 0.05625 0.06171875
1 0.5578125 0.5546875 0.0796875 0.03828125
1 0.5796875 0.5046875 0.05 0.05
1 0.01171875 0.4234375 0.0234375 0.046875
1 0.45 0.04140625 0.04296875 0.04140625
1 0.51796875 0.34296875 0.053125 0.05
1 0.5515625 0.30625 0.053125 0.04140625
1 0.475 0.3046875 0.053125 0.03203125
1 0.2375 0.703125 0.03671875 0.0296875
1 0.234375 0.678125 0.05 0.03828125
1 0.04453125 0.55703125 0.04296875 0.04375
1 0.63125 0.653125 0.0796875 0.053125
1 0.2328125 0.46875 0.053125 0.04375
1 0.890625 0.81328125 0.053125 0.03828125
1 0.340625 0.378125 0.06328125 0.04375
1 0.3390625 0.45625 0.06640625 0.06484375