1 0.509375 0.26875 0.04921875 0.0484375
1 0.44609375 0.23828125 0.03359375 0.0359375
1 0.43125 0.19921875 0.02890625 0.0484375
1 0.39765625 0.21796875 0.0390625 0.05390625
1 0.50859375 0.1796875 0.03046875 0.0390625
1 0.40390625 0.30625 0.02421875 0.03359375
1 0.42890625 0.33203125 0.02734375 0.0359375
1 0.38203125 0.29609375 0.01328125 0.03046875
1 0.31796875 0.3140625 0.03203125 0.0484375
1 0.30234375 0.37421875 0.02421875 0.0296875
1 0.33125 0.36640625 0.03046875 0.0390625
1 0.3078125 0.40859375 0.02890625 0.03359375
1 0.3296875 0.40390625 0.02890625 0.0484375
1 0.353125 0.41171875 0.02734375 0.03203125
1 0.38515625 0.4296875 0.03046875 0.04453125
1 0.3671875 0.45625 0.02890625 0.05703125
1 0.3484375 0.47421875 0.02265625 0.05078125
1 0.37265625 0.48046875 0.02890625 0.0390625
1 0.37578125 0.52890625 0.03203125 0.0453125
1 0.42890625 0.52421875 0.03359375 0.0546875
1 0.41484375 0.61015625 0.0390625 0.0515625
1 0.3734375 0.59375 0.03671875 0.04296875
1 0.33515625 0.52734375 0.02890625 0.0546875
1 0.30625 0.534375 0.03203125 0.05078125
1 0.29140625 0.48984375 0.021875 0.028125
1 0.271875 0.45390625 0.0203125 0.03359375
1 0.27578125 0.54140625 0.03203125 0.05078125
1 0.28203125 0.57421875 0.0203125 0.04453125
1 0.3 0.57109375 0.02578125 0.05703125
1 0.31328125 0.46875 0.01875 0.03359375
1 0.29375 0.43671875 0.03046875 0.04296875
1 0.3640625 0.3421875 0.05546875 0.06953125
1 0.7421875 0.4265625 0.0234375 0.05703125
1 0.75859375 0.47109375 0.02734375 0.0546875
1 0.3328125 0.58203125 0.03671875 0.065625
1 0.40390625 0.375 0.02421875 0.04453125
1 0.55078125 0.20546875 0.02734375 0.06640625
1 0.73046875 0.7015625 0.02578125 0.059375
1 0.6921875 0.7765625 0.03515625 0.05
1 0.63046875 0.77109375 0.02421875 0.04921875
1 0.43359375 0.37421875 0.03359375 0.03359375
1 0.6859375 0.40390625 0.02734375 0.06328125
1 0.7796875 0.6109375 0.02265625 0.05
1 0.69375 0.63984375 0.03671875 0.06640625
1 0.7171875 0.5859375 0.03828125 0.07421875
1 0.40078125 0.4875 0.03046875 0.06953125
1 0.44921875 0.4390625 0.03203125 0.05
1 0.7640625 0.69453125 0.03046875 0.05390625
1 0.41328125 0.5609375 0.0296875 0.04375
1 0.6875 0.690625 0.03515625 0.04375
1 0.73125 0.76484375 0.034375 0.04453125