1 0.4953125 0.20859375 0.0640625 0.05546875
1 0.46015625 0.26640625 0.06640625 0.059375
1 0.39453125 0.2765625 0.0390625 0.0359375
1 0.38125 0.25234375 0.07109375 0.06171875
1 0.4078125 0.18359375 0.06171875 0.04921875
1 0.40703125 0.12578125 0.04921875 0.03984375
1 0.47578125 0.09140625 0.08359375 0.02421875
1 0.746875 0.275 0.06875 0.03828125
1 0.68984375 0.2984375 0.0640625 0.04453125
1 0.728125 0.31953125 0.04140625 0.0375
1 0.73046875 0.1953125 0.07109375 0.03359375
1 0.74765625 0.35 0.05703125 0.04921875
1 0.7171875 0.3875 0.04453125 0.03984375
1 0.81796875 0.325 0.02421875 0.03984375
1 0.8046875 0.35625 0.06640625 0.03984375
1 0.79375 0.37734375 0.04921875 0.05546875
1 0.81328125 0.4109375 0.034375 0.0375
1 0.840625 0.3671875 0.0390625 0.03125
1 0.8609375 0.4171875 0.046875 0.0375
1 0.890625 0.38515625 0.046875 0.04453125
1 0.86875 0.315625 0.06640625 0.06875
1 0.7875 0.4734375 0.05625 0.03125
1 0.77734375 0.53046875 0.05703125 0.0375
1 0.7640625 0.57890625 0.04453125 0.0421875
1 0.80703125 0.56953125 0.0421875 0.03125
1 0.8921875 0.55703125 0.04921875 0.06015625
1 0.81171875 0.6046875 0.0515625 0.04453125
1 0.83671875 0.64765625 0.046875 0.04609375
1 0.81328125 0.69140625 0.07421875 0.0359375
1 0.7875 0.76875 0.0765625 0.0625
1 0.73203125 0.66796875 0.0546875 0.0421875
1 0.70859375 0.6984375 0.046875 0.05078125
1 0.73046875 0.6265625 0.05625 0.0578125
1 0.709375 0.5546875 0.0640625 0.046875
1 0.65546875 0.60546875 0.05390625 0.046875
1 0.66640625 0.6453125 0.0859375 0.05078125
1 0.58203125 0.66328125 0.0640625 0.02890625
1 0.60859375 0.62421875 0.0546875 0.04921875
1 0.6421875 0.57734375 0.06171875 0.05546875
1 0.5390625 0.5890625 0.06640625 0.06171875
1 0.62890625 0.715625 0.04453125 0.04921875
1 0.62265625 0.78515625 0.03671875 0.05078125
1 0.67890625 0.771875 0.03203125 0.0375
1 0.57890625 0.9171875 0.0546875 0.0484375
1 0.50859375 0.7140625 0.02734375 0.03203125
1 0.5375 0.81640625 0.034375 0.04765625
1 0.8796875 0.734375 0.0390625 0.03203125
1 0.8859375 0.45546875 0.04453125 0.04453125
1 0.5734375 0.20234375 0.0578125 0.0390625
1 0.6640625 0.728125 0.0390625 0.0328125
1 0.6484375 0.85234375 0.04921875 0.04296875
1 0.49296875 0.85 0.040625 0.03828125
1 0.4625 0.8984375 0.03984375 0.04375
1 0.425 0.8390625 0.04140625 0.04296875
1 0.96015625 0.646875 0.03046875 0.0390625
1 0.853125 0.60234375 0.04140625 0.03984375
1 0.71328125 0.5265625 0.0390625 0.03203125