3 0.7 0.1734375 0.03046875 0.05859375
3 0.71953125 0.08203125 0.03203125 0.04296875
3 0.6734375 0.33515625 0.03203125 0.05078125
3 0.73203125 0.3015625 0.04375 0.06640625
3 0.72890625 0.4609375 0.03046875 0.07421875
3 0.67265625 0.525 0.03359375 0.05390625
3 0.64375 0.55546875 0.03046875 0.05859375
3 0.6375 0.49453125 0.040625 0.0484375
3 0.6875 0.63671875 0.0390625 0.06875
3 0.725 0.659375 0.03359375 0.0640625
3 0.52265625 0.61796875 0.0375 0.0609375
3 0.51796875 0.54609375 0.0390625 0.05078125
3 0.60625 0.67734375 0.03203125 0.0640625
3 0.63515625 0.64296875 0.03203125 0.04609375
3 0.6453125 0.70546875 0.01875 0.03828125
3 0.63984375 0.76015625 0.0359375 0.06640625
3 0.59453125 0.74140625 0.02890625 0.04375
3 0.6921875 0.76015625 0.021875 0.05625
3 0.76484375 0.52109375 0.059375 0.06640625