2 0.721875 0.028125 0.03984375 0.0515625
2 0.72578125 0.0875 0.03203125 0.0453125
2 0.54765625 0.1578125 0.04765625 0.0515625
2 0.50390625 0.2328125 0.04375 0.05
2 0.4046875 0.2859375 0.03828125 0.034375
2 0.40078125 0.2453125 0.04609375 0.0453125
2 0.36484375 0.4828125 0.05 0.0390625
2 0.45625 0.50078125 0.0640625 0.05390625
2 0.4171875 0.553125 0.03828125 0.0328125
2 0.41875 0.57890625 0.02578125 0.05
2 0.446875 0.5765625 0.03828125 0.0328125
2 0.39609375 0.609375 0.03984375 0.05
2 0.334375 0.6375 0.0359375 0.03671875
2 0.2796875 0.63515625 0.03203125 0.05
2 0.4078125 0.65546875 0.03203125 0.04296875
2 0.38515625 0.69921875 0.0421875 0.04296875
2 0.29609375 0.74453125 0.04375 0.04765625
2 0.45390625 0.66953125 0.028125 0.05390625
2 0.50234375 0.62578125 0.05234375 0.04765625
2 0.5046875 0.65546875 0.05 0.04765625
2 0.50703125 0.7125 0.03828125 0.04296875
2 0.578125 0.6515625 0.04765625 0.04296875
2 0.57265625 0.6015625 0.0421875 0.0390625
2 0.74375 0.50859375 0.04765625 0.04765625
2 0.54921875 0.78984375 0.021875 0.034375
2 0.5453125 0.86796875 0.0421875 0.04296875
2 0.6703125 0.88828125 0.03984375 0.03671875
2 0.734375 0.9328125 0.05625 0.0390625
2 0.63203125 0.7921875 0.0359375 0.0390625
2 0.60234375 0.81484375 0.03984375 0.05390625
2 0.453125 0.1625 0.05390625 0.0515625