2 0.553125 0.25546875 0.021875 0.02890625
2 0.5890625 0.20234375 0.0546875 0.015625
2 0.64609375 0.13125 0.03984375 0.046875
2 0.70859375 0.21171875 0.06171875 0.053125
2 0.6765625 0.26875 0.0515625 0.0375
2 0.23046875 0.39140625 0.05625 0.03984375
2 0.21484375 0.33515625 0.04921875 0.02421875
2 0.1765625 0.28203125 0.04140625 0.03359375
2 0.2046875 0.30078125 0.0296875 0.0265625
2 0.265625 0.18125 0.046875 0.0484375
2 0.16796875 0.3953125 0.04453125 0.03828125
2 0.12890625 0.428125 0.059375 0.0421875
2 0.14453125 0.471875 0.0515625 0.0484375
2 0.18203125 0.453125 0.03671875 0.0375
2 0.1875 0.4859375 0.04453125 0.046875
2 0.146875 0.5171875 0.046875 0.05546875
2 0.18984375 0.54609375 0.0390625 0.03359375
2 0.20234375 0.57109375 0.0390625 0.0359375
2 0.13359375 0.64453125 0.034375 0.03984375
2 0.171875 0.64140625 0.0421875 0.0328125
2 0.1828125 0.66484375 0.034375 0.04453125
2 0.2296875 0.6734375 0.05859375 0.04453125
2 0.4328125 0.66015625 0.04140625 0.03515625
2 0.27265625 0.6953125 0.0421875 0.0359375
2 0.23671875 0.75859375 0.0546875 0.03359375
2 0.17890625 0.80546875 0.05703125 0.046875
2 0.5421875 0.72578125 0.04921875 0.0375
2 0.56328125 0.84296875 0.046875 0.0640625
2 0.62890625 0.83984375 0.08359375 0.0578125
2 0.4890625 0.16875 0.021875 0.02890625
2 0.525 0.23515625 0.04921875 0.05078125
2 0.35859375 0.5671875 0.0515625 0.06640625