2 0.53984375 0.2265625 0.05390625 0.046875
2 0.46953125 0.28984375 0.046875 0.01796875
2 0.39609375 0.3078125 0.05625 0.03125
2 0.44296875 0.40390625 0.046875 0.05078125
2 0.4890625 0.41640625 0.046875 0.03984375
2 0.80625 0.38359375 0.059375 0.0421875
2 0.88984375 0.41484375 0.059375 0.046875
2 0.878125 0.534375 0.03671875 0.02890625
2 0.790625 0.540625 0.03984375 0.04453125
2 0.85625 0.5859375 0.0515625 0.046875
2 0.925 0.61328125 0.04140625 0.04453125
2 0.74921875 0.6 0.0640625 0.0265625
2 0.7859375 0.63125 0.04921875 0.02265625
2 0.80078125 0.67421875 0.04453125 0.046875
2 0.765625 0.71015625 0.06640625 0.046875
2 0.8 0.77734375 0.05703125 0.04453125
2 0.7 0.68359375 0.06875 0.0421875
2 0.4796875 0.88203125 0.03671875 0.04453125
2 0.51640625 0.94375 0.05625 0.0484375
2 0.60390625 0.8671875 0.0546875 0.06015625
2 0.553125 0.86875 0.03203125 0.04921875
2 0.40234375 0.5140625 0.0640625 0.0625
2 0.46875 0.62109375 0.06875 0.059375
2 0.56953125 0.65546875 0.07421875 0.07109375
2 0.63984375 0.72578125 0.03203125 0.0375
2 0.73515625 0.82109375 0.03203125 0.0203125
2 0.75078125 0.8796875 0.03671875 0.0265625
2 0.8375 0.646875 0.04453125 0.03984375
2 0.85625 0.7078125 0.04140625 0.046875
2 0.7765625 0.83515625 0.04453125 0.03125