2 0.78984375 0.3515625 0.03671875 0.03125
2 0.75 0.2796875 0.046875 0.0421875
2 0.6640625 0.30390625 0.03671875 0.0421875
2 0.63203125 0.265625 0.0515625 0.0578125
2 0.45234375 0.2140625 0.04140625 0.0484375
2 0.49921875 0.16796875 0.0515625 0.0484375
2 0.69765625 0.14921875 0.0546875 0.0421875
2 0.36015625 0.2109375 0.03984375 0.03828125
2 0.64609375 0.50703125 0.04921875 0.04453125
2 0.70625 0.43046875 0.05625 0.0421875
2 0.759375 0.51953125 0.05390625 0.03828125
2 0.746875 0.54453125 0.03984375 0.0359375
2 0.8078125 0.515625 0.04453125 0.04453125
2 0.8203125 0.4484375 0.0296875 0.02421875
2 0.76171875 0.584375 0.04453125 0.0359375
2 0.77265625 0.66015625 0.04140625 0.03984375
2 0.796875 0.61796875 0.02734375 0.03125
2 0.68046875 0.6609375 0.0296875 0.02890625
2 0.67421875 0.615625 0.04140625 0.021875
2 0.57890625 0.80078125 0.03984375 0.0375
2 0.61875 0.834375 0.03984375 0.046875
2 0.659375 0.81953125 0.04140625 0.04453125
2 0.69609375 0.8140625 0.03203125 0.046875
2 0.76171875 0.8234375 0.04921875 0.0421875
2 0.61875 0.8875 0.03984375 0.02890625
2 0.55859375 0.9125 0.05703125 0.04453125
2 0.41796875 0.90703125 0.04140625 0.0515625
2 0.49921875 0.928125 0.046875 0.0359375
2 0.49453125 0.85703125 0.04140625 0.03515625
2 0.3625 0.36484375 0.03984375 0.03984375
2 0.37578125 0.30625 0.05703125 0.05078125
2 0.61171875 0.646875 0.04921875 0.053125