1 0.57578125 0.4953125 0.0421875 0.0765625
1 0.6203125 0.5234375 0.04375 0.0609375
1 0.565625 0.5984375 0.0390625 0.06328125
1 0.46875 0.61484375 0.0453125 0.0609375
1 0.39453125 0.31484375 0.0421875 0.05625
1 0.5140625 0.6859375 0.02734375 0.05078125
1 0.575 0.68359375 0.05078125 0.07109375
1 0.63203125 0.665625 0.046875 0.0765625
1 0.62109375 0.8171875 0.025 0.05859375
1 0.71328125 0.68671875 0.0609375 0.0609375
1 0.70625 0.75 0.04609375 0.08671875
1 0.734375 0.88203125 0.04921875 0.08125
1 0.8328125 0.7234375 0.0421875 0.05859375
1 0.76171875 0.784375 0.02890625 0.07421875
1 0.8078125 0.8203125 0.04921875 0.05859375
1 0.80546875 0.88984375 0.0453125 0.06640625
1 0.68203125 0.9078125 0.01875 0.0359375
1 0.640625 0.859375 0.05078125 0.05625
1 0.56953125 0.790625 0.05390625 0.07109375
1 0.5984375 0.7453125 0.05078125 0.0609375
1 0.69375 0.59453125 0.04921875 0.05625
1 0.50625 0.78203125 0.0359375 0.053125
1 0.38125 0.65546875 0.02578125 0.07109375
1 0.43515625 0.6421875 0.0015625 0.00234375
1 0.4328125 0.6453125 0.040625 0.096875
1 0.48671875 0.46015625 0.04375 0.08125
1 0.4375 0.37578125 0.02734375 0.0359375
1 0.6125 0.40078125 0.0421875 0.08125
1 0.6546875 0.46328125 0.04375 0.03828125
1 0.68203125 0.38984375 0.07265625 0.053125
1 0.59375 0.31328125 0.04375 0.0484375
1 0.509375 0.26875 0.05234375 0.03046875
1 0.5125 0.20390625 0.040625 0.07421875
1 0.45546875 0.20625 0.05546875 0.09921875
1 0.31875 0.19921875 0.096875 0.11484375
1 0.671875 0.08046875 0.0453125 0.06640625
1 0.63828125 0.22265625 0.0421875 0.0765625
1 0.57421875 0.05703125 0.07265625 0.096875
1 0.52265625 0.34609375 0.04609375 0.046875
1 0.4703125 0.5421875 0.05625 0.06875
1 0.8 0.2609375 0.0375 0.075
1 0.90234375 0.7484375 0.03671875 0.0625
1 0.7796875 0.6421875 0.0359375 0.04921875
1 0.3703125 0.4515625 0.03203125 0.04921875
1 0.35234375 0.58515625 0.04296875 0.07265625
1 0.48671875 0.71015625 0.05546875 0.07265625
1 0.55703125 0.38984375 0.03984375 0.0609375
1 0.27734375 0.32265625 0.0375 0.07578125
1 0.40078125 0.68828125 0.0296875 0.040625
1 0.734375 0.57421875 0.05390625 0.06640625
1 0.44921875 0.27734375 0.04296875 0.05390625
1 0.51484375 0.48828125 0.0328125 0.0515625
1 0.54140625 0.4515625 0.04140625 0.0515625
1 0.609375 0.59765625 0.04375 0.0625
1 0.653125 0.71328125 0.04375 0.04765625
1 0.840625 0.8828125 0.03515625 0.04921875