1 0.671875 0.23203125 0.0390625 0.0328125
1 0.63515625 0.20625 0.05390625 0.0328125
1 0.59765625 0.24296875 0.0296875 0.0328125
1 0.61484375 0.26796875 0.04375 0.04765625
1 0.54375 0.259375 0.078125 0.03671875
1 0.5171875 0.2734375 0.02421875 0.03671875
1 0.73515625 0.465625 0.06875 0.04765625
1 0.44140625 0.42890625 0.04921875 0.03984375
1 0.51953125 0.4578125 0.0390625 0.0328125
1 0.56640625 0.4453125 0.02421875 0.02890625
1 0.603125 0.4671875 0.0390625 0.021875
1 0.63984375 0.4359375 0.034375 0.03984375
1 0.49765625 0.4140625 0.08359375 0.04765625
1 0.44140625 0.52734375 0.0296875 0.02578125
1 0.3140625 0.534375 0.04921875 0.02578125
1 0.30390625 0.55859375 0.0390625 0.02890625
1 0.34296875 0.5875 0.04921875 0.03671875
1 0.353125 0.62578125 0.04921875 0.03984375
1 0.3875 0.56953125 0.0296875 0.02890625
1 0.421875 0.565625 0.0390625 0.02890625
1 0.353125 0.53828125 0.0390625 0.0328125
1 0.396875 0.5421875 0.0390625 0.02578125
1 0.5046875 0.51796875 0.05859375 0.05078125
1 0.5734375 0.54765625 0.0390625 0.03671875
1 0.51484375 0.5875 0.05859375 0.04375
1 0.71796875 0.54921875 0.04375 0.04765625
1 0.6984375 0.61484375 0.05390625 0.03984375
1 0.6890625 0.64609375 0.04375 0.04375
1 0.65234375 0.63515625 0.04921875 0.03671875
1 0.41171875 0.65 0.01953125 0.02890625
1 0.4140625 0.609375 0.04375 0.02890625
1 0.3359375 0.66953125 0.05390625 0.04765625
1 0.36015625 0.71875 0.0640625 0.05078125
1 0.284375 0.6828125 0.0390625 0.02890625
1 0.2375 0.6609375 0.034375 0.02890625
1 0.66171875 0.72109375 0.05859375 0.0328125
1 0.66171875 0.684375 0.0390625 0.0328125
1 0.4265625 0.73359375 0.0390625 0.02890625
1 0.5296875 0.82109375 0.04921875 0.04375
1 0.590625 0.82109375 0.0640625 0.05859375
1 0.66640625 0.83203125 0.05859375 0.04375
1 0.80859375 0.79921875 0.0390625 0.03671875
1 0.76953125 0.74453125 0.0390625 0.05078125
1 0.66640625 0.890625 0.05859375 0.03671875
1 0.70859375 0.91953125 0.05390625 0.04375
1 0.75703125 0.89765625 0.04375 0.03671875
1 0.76484375 0.86875 0.05859375 0.05078125
1 0.465625 0.85546875 0.0390625 0.0328125
1 0.4609375 0.8046875 0.05859375 0.03984375
1 0.3703125 0.7734375 0.034375 0.03671875
1 0.5390625 0.3359375 0.04921875 0.03671875
1 0.55625 0.2921875 0.034375 0.04375
1 0.590625 0.38671875 0.0734375 0.05078125
1 0.38203125 0.46015625 0.06875 0.03671875
1 0.38515625 0.5 0.0734375 0.03671875
1 0.29921875 0.5984375 0.0390625 0.02890625
1 0.46328125 0.675 0.05390625 0.05859375
1 0.5171875 0.6421875 0.09296875 0.05859375
1 0.60546875 0.5875 0.0734375 0.05078125
1 0.64921875 0.59140625 0.0640625 0.02890625
1 0.4828125 0.73359375 0.05390625 0.05078125
1 0.5171875 0.7484375 0.05390625 0.02890625
1 0.57578125 0.73203125 0.09296875 0.04765625
1 0.54140625 0.78125 0.034375 0.02890625