1 0.503125 0.23671875 0.11171875 0.04765625
1 0.53828125 0.26875 0.0765625 0.03046875
1 0.603125 0.28046875 0.0765625 0.05390625
1 0.6 0.32265625 0.09375 0.0578125
1 0.46796875 0.38828125 0.08828125 0.03359375
1 0.60859375 0.39375 0.11171875 0.0578125
1 0.75625 0.4328125 0.0765625 0.04765625
1 0.6203125 0.4375 0.08828125 0.03046875
1 0.5 0.42734375 0.08203125 0.0578125
1 0.43828125 0.45078125 0.08828125 0.03046875
1 0.55859375 0.47109375 0.08203125 0.04375
1 0.6265625 0.51328125 0.08828125 0.04765625
1 0.26484375 0.40703125 0.09375 0.03046875
1 0.18515625 0.459375 0.1 0.05390625
1 0.2765625 0.4609375 0.08203125 0.05078125
1 0.2734375 0.49296875 0.08828125 0.02734375
1 0.21171875 0.5203125 0.10625 0.04765625
1 0.38515625 0.4765625 0.0765625 0.04765625
1 0.38203125 0.5203125 0.05859375 0.040625
1 0.34140625 0.5421875 0.09375 0.05078125
1 0.3796875 0.5828125 0.1 0.04375
1 0.31171875 0.6 0.046875 0.03046875
1 0.16796875 0.665625 0.0765625 0.05390625
1 0.23203125 0.67421875 0.0765625 0.0578125
1 0.29375 0.6671875 0.0703125 0.0375
1 0.39375 0.65390625 0.08203125 0.05078125
1 0.446875 0.5375 0.05859375 0.04765625
1 0.553125 0.5203125 0.05859375 0.04765625
1 0.41484375 0.7515625 0.13515625 0.05078125
1 0.196875 0.7953125 0.13515625 0.07734375
1 0.7203125 0.5796875 0.0765625 0.04375
1 0.75625 0.61015625 0.11171875 0.05078125
1 0.596875 0.73125 0.1234375 0.05078125
1 0.546875 0.63828125 0.10625 0.04765625
1 0.253125 0.6 0.1296875 0.0578125
1 0.75 0.65703125 0.1234375 0.03046875
1 0.746875 0.7109375 0.11796875 0.0578125
1 0.11171875 0.88671875 0.0703125 0.0375
1 0.11484375 0.5609375 0.0765625 0.040625
1 0.446875 0.6828125 0.0703125 0.02734375
1 0.3203125 0.7671875 0.06484375 0.040625
1 0.29140625 0.79921875 0.1 0.04375
1 0.34375 0.82578125 0.08828125 0.0375
1 0.24375 0.85625 0.0765625 0.0375
1 0.64375 0.6671875 0.06484375 0.04375
1 0.61796875 0.6453125 0.0703125 0.04765625
1 0.45859375 0.48828125 0.08203125 0.04375
1 0.696875 0.5 0.06484375 0.040625
1 0.58203125 0.57734375 0.0703125 0.03359375
1 0.51796875 0.6 0.08203125 0.0375
1 0.5234375 0.5625 0.0703125 0.04375
1 0.7796875 0.51875 0.06484375 0.0375
1 0.78515625 0.55078125 0.0765625 0.03359375
1 0.10859375 0.5171875 0.0765625 0.04765625
1 0.13203125 0.61171875 0.1 0.04765625
1 0.20625 0.7109375 0.0703125 0.04375