2 0.45078125 0.62109375 0.0390625 0.03359375
2 0.43046875 0.54140625 0.03671875 0.0375
2 0.221875 0.43359375 0.0546875 0.03984375
2 0.18046875 0.4546875 0.01953125 0.0375
2 0.5734375 0.3078125 0.06171875 0.053125
2 0.6921875 0.26171875 0.04453125 0.046875
2 0.36875 0.628125 0.03671875 0.07265625
2 0.321875 0.62890625 0.0515625 0.06171875
2 0.4265625 0.74296875 0.04375 0.0515625
2 0.31484375 0.71953125 0.06171875 0.053125
2 0.2765625 0.71796875 0.0390625 0.03125
2 0.2453125 0.62421875 0.0515625 0.07578125
2 0.2109375 0.61015625 0.03671875 0.046875
2 0.1703125 0.51796875 0.04453125 0.03984375
2 0.140625 0.57890625 0.03984375 0.03359375
2 0.10625 0.62578125 0.0296875 0.0421875
2 0.13828125 0.65234375 0.0203125 0.0375
2 0.1640625 0.71796875 0.0421875 0.053125
2 0.20234375 0.7078125 0.034375 0.02421875
2 0.19921875 0.76015625 0.03203125 0.0484375
2 0.240625 0.7875 0.04140625 0.03359375
2 0.1875 0.79765625 0.034375 0.03125
2 0.2109375 0.81953125 0.03671875 0.03125
2 0.2625 0.8359375 0.0515625 0.0375
2 0.39453125 0.81171875 0.059375 0.03359375
2 0.33046875 0.86484375 0.034375 0.04609375
2 0.484375 0.9359375 0.05703125 0.0375