3 0.87734375 0.43828125 0.0203125 0.03125
3 0.9375 0.45390625 0.03671875 0.0265625
3 0.80078125 0.3578125 0.0296875 0.03359375
3 0.67265625 0.25234375 0.04453125 0.053125
3 0.503125 0.275 0.04453125 0.02890625
3 0.78515625 0.23203125 0.0515625 0.04453125
3 0.89453125 0.628125 0.04921875 0.02890625
3 0.91796875 0.66875 0.03203125 0.0265625
3 0.93515625 0.6984375 0.04140625 0.0375
3 0.61484375 0.9484375 0.06171875 0.04453125
3 0.671875 0.89765625 0.05625 0.03515625
3 0.68984375 0.93515625 0.025 0.02265625