1 0.6875 0.76015625 0.0421875 0.05078125
1 0.64921875 0.80234375 0.02109375 0.06796875
1 0.6265625 0.84453125 0.02421875 0.0734375
1 0.6703125 0.9125 0.05625 0.0734375
1 0.61953125 0.74296875 0.0453125 0.0734375
1 0.56640625 0.790625 0.03125 0.06796875
1 0.53359375 0.8984375 0.04921875 0.090625
1 0.3734375 0.5421875 0.03125 0.07890625
1 0.4578125 0.590625 0.03828125 0.0625
1 0.415625 0.3703125 0.059375 0.0734375
1 0.3453125 0.4859375 0.03125 0.06796875
1 0.296875 0.5453125 0.03828125 0.0734375
1 0.30546875 0.4296875 0.04921875 0.06796875
1 0.3125 0.23984375 0.04921875 0.0625
1 0.35625 0.19765625 0.05234375 0.06796875
1 0.26328125 0.12734375 0.04921875 0.084375
1 0.21953125 0.20625 0.059375 0.0734375
1 0.1546875 0.353125 0.0421875 0.084375
1 0.41015625 0.0734375 0.04921875 0.0453125
1 0.3546875 0.059375 0.04921875 0.0734375
1 0.44375 0.178125 0.03828125 0.084375
1 0.4828125 0.21484375 0.0453125 0.05625
1 0.6875 0.2484375 0.04921875 0.06796875
1 0.6421875 0.39296875 0.04921875 0.0625
1 0.63359375 0.4890625 0.03828125 0.084375
1 0.76171875 0.8671875 0.03515625 0.0734375
1 0.8703125 0.85625 0.0421875 0.084375
1 0.440625 0.8703125 0.03828125 0.090625
1 0.51015625 0.8109375 0.03828125 0.084375
1 0.6 0.64375 0.0421875 0.07890625
1 0.52265625 0.59921875 0.03515625 0.07890625
1 0.4875 0.6609375 0.04921875 0.11328125
1 0.49453125 0.52578125 0.04921875 0.090625
1 0.41015625 0.5453125 0.0140625 0.0734375
1 0.43828125 0.54765625 0.02109375 0.05625
1 0.37578125 0.71171875 0.04921875 0.07890625
1 0.23671875 0.5625 0.0453125 0.10703125
1 0.1875 0.48046875 0.03125 0.1015625
1 0.228125 0.4828125 0.03515625 0.0734375
1 0.259375 0.4296875 0.04921875 0.07890625
1 0.30859375 0.3421875 0.05625 0.084375
1 0.19453125 0.29375 0.03828125 0.06796875
1 0.26328125 0.2828125 0.05625 0.05625
1 0.15078125 0.1328125 0.03515625 0.0625
1 0.13515625 0.06484375 0.06640625 0.09609375
1 0.23515625 0.03671875 0.0421875 0.03984375
1 0.628125 0.12421875 0.04921875 0.06796875
1 0.68984375 0.15 0.0453125 0.05078125
1 0.41015625 0.3109375 0.05625 0.06796875
1 0.42109375 0.44609375 0.028125 0.06796875
1 0.45078125 0.43515625 0.03125 0.0453125
1 0.73359375 0.8359375 0.03515625 0.05625
1 0.7703125 0.76015625 0.05234375 0.0734375
1 0.32265625 0.6015625 0.028125 0.05078125
1 0.36328125 0.34453125 0.0453125 0.05625
1 0.2296875 0.3421875 0.0453125 0.05078125
1 0.2875 0.0171875 0.0421875 0.03359375
1 0.43046875 0.01953125 0.0359375 0.0390625
1 0.75078125 0.38671875 0.05625 0.0625
1 0.54921875 0.73125 0.0453125 0.0625
1 0.33515625 0.7234375 0.03125 0.06796875
1 0.40546875 0.13828125 0.03828125 0.0734375
1 0.3265625 0.14140625 0.03515625 0.03359375