2 0.5296875 0.36171875 0.0390625 0.05390625
2 0.49609375 0.2640625 0.065625 0.06640625
2 0.546875 0.3109375 0.03515625 0.05859375
2 0.58515625 0.28828125 0.0375 0.0484375
2 0.56015625 0.240625 0.01875 0.040625
2 0.575 0.20859375 0.03046875 0.04375
2 0.740625 0.115625 0.03359375 0.0453125
2 0.4671875 0.525 0.03203125 0.06328125
2 0.45703125 0.44453125 0.05234375 0.0609375
2 0.4875 0.57265625 0.021875 0.0328125
2 0.5078125 0.6859375 0.03515625 0.05078125
2 0.48125 0.63828125 0.01875 0.0453125
2 0.50625 0.6 0.02578125 0.040625
2 0.5546875 0.59765625 0.05390625 0.0453125
2 0.55859375 0.63203125 0.01875 0.0328125
2 0.60625 0.6671875 0.021875 0.053125
2 0.63203125 0.6390625 0.02734375 0.06328125
2 0.65234375 0.61640625 0.02734375 0.0484375
2 0.621875 0.25 0.0265625 0.04375
2 0.4875 0.3453125 0.021875 0.0453125
2 0.56875 0.8125 0.03203125 0.0640625
2 0.63046875 0.7515625 0.03046875 0.04296875
2 0.65078125 0.703125 0.0234375 0.03828125
2 0.60625 0.89765625 0.03203125 0.05625