1 0.21796875 0.4203125 0.1015625 0.0578125
1 0.39453125 0.415625 0.08359375 0.0546875
1 0.02890625 0.45390625 0.0484375 0.04921875
1 0.15390625 0.5203125 0.10546875 0.04375
1 0.2421875 0.515625 0.0703125 0.05234375
1 0.225 0.625 0.03515625 0.04375
1 0.38515625 0.6 0.08359375 0.03515625
1 0.1453125 0.684375 0.0703125 0.04609375
1 0.3125 0.68671875 0.096875 0.04609375
1 0.18515625 0.74765625 0.0703125 0.05234375
1 0.45625 0.88125 0.11015625 0.0578125
1 0.171875 0.16640625 0.096875 0.04375
1 0.1671875 0.21328125 0.11484375 0.0546875
1 0.05703125 0.55625 0.07890625 0.0640625
1 0.15859375 0.58515625 0.07890625 0.0640625
1 0.5421875 0.6 0.13203125 0.1046875
1 0.13203125 0.87265625 0.0703125 0.0640625
1 0.2578125 0.73203125 0.08359375 0.0546875
1 0.321875 0.77265625 0.10546875 0.0609375
1 0.24921875 0.82734375 0.05703125 0.0375
1 0.3875 0.821875 0.11484375 0.04921875
1 0.48046875 0.73046875 0.08828125 0.05234375
1 0.521875 0.76796875 0.08359375 0.05234375
1 0.478125 0.83046875 0.08359375 0.04921875
1 0.37421875 0.5046875 0.053125 0.03515625
1 0.4140625 0.51484375 0.04375 0.03203125
1 0.16953125 0.32890625 0.0484375 0.03203125
1 0.30625 0.35625 0.0484375 0.040625
1 0.37890625 0.21171875 0.0703125 0.040625
1 0.1015625 0.64375 0.0703125 0.04609375
1 0.1890625 0.640625 0.053125 0.040625
1 0.21171875 0.6828125 0.07890625 0.0375
1 0.27734375 0.63203125 0.08828125 0.040625
1 0.25546875 0.57109375 0.053125 0.05234375
1 0.29921875 0.9 0.0703125 0.0375
1 0.365625 0.89140625 0.06171875 0.04375
1 0.15234375 0.2765625 0.05703125 0.03203125
1 0.09453125 0.2796875 0.05703125 0.0375
1 0.04375 0.3953125 0.06171875 0.0375
1 0.11484375 0.45390625 0.03515625 0.03203125
1 0.07890625 0.46953125 0.06171875 0.03515625
1 0.3234375 0.46953125 0.05703125 0.04609375
1 0.4671875 0.44609375 0.053125 0.040625
1 0.45390625 0.559375 0.08828125 0.05234375
1 0.35 0.55625 0.11015625 0.04609375
1 0.28828125 0.1796875 0.05703125 0.02890625
1 0.253125 0.14375 0.075 0.04375
1 0.04609375 0.796875 0.05703125 0.04609375
1 0.059375 0.7421875 0.0484375 0.040625
1 0.01328125 0.73359375 0.0265625 0.04609375
1 0.059375 0.69453125 0.0484375 0.03203125
1 0.1078125 0.72734375 0.05703125 0.040625
1 0.253125 0.8640625 0.075 0.02890625
1 0.3984375 0.7640625 0.0484375 0.03203125
1 0.41640625 0.79140625 0.0484375 0.03515625
1 0.41640625 0.71328125 0.06640625 0.04609375
1 0.16953125 0.82890625 0.05703125 0.04609375
1 0.3015625 0.21015625 0.0484375 0.0375
1 0.50625 0.5171875 0.0703125 0.0546875
1 0.5484375 0.878125 0.06640625 0.04609375
1 0.5484375 0.96796875 0.03984375 0.02890625
1 0.60546875 0.95625 0.0484375 0.03515625
1 0.6015625 0.98671875 0.0484375 0.0203125
1 0.06796875 0.84609375 0.0484375 0.04609375
1 0.01796875 0.8609375 0.03515625 0.0578125