2 0.87421875 0.4328125 0.02734375 0.05078125
2 0.86484375 0.4703125 0.02890625 0.05390625
2 0.83671875 0.44140625 0.02421875 0.04453125
2 0.8890625 0.51875 0.03671875 0.0484375
2 0.7484375 0.61328125 0.0203125 0.05703125
2 0.28828125 0.45546875 0.02421875 0.03046875
2 0.30625 0.48984375 0.02890625 0.0515625
2 0.47421875 0.2890625 0.05625 0.06015625
2 0.4578125 0.1796875 0.02421875 0.0390625
2 0.484375 0.153125 0.0390625 0.04453125
2 0.4953125 0.20546875 0.02734375 0.0484375
2 0.55078125 0.190625 0.02421875 0.04140625
2 0.5859375 0.215625 0.03203125 0.05703125
2 0.64296875 0.21640625 0.04609375 0.06953125
2 0.62890625 0.24609375 0.01640625 0.0453125
2 0.6515625 0.28203125 0.02890625 0.05703125
2 0.684375 0.34375 0.0234375 0.0484375
2 0.71171875 0.33203125 0.03046875 0.0546875
2 0.76640625 0.434375 0.03203125 0.0484375
2 0.7296875 0.43203125 0.02578125 0.05703125
2 0.69453125 0.39453125 0.03046875 0.065625
2 0.76171875 0.3453125 0.04921875 0.028125
2 0.7859375 0.3015625 0.0171875 0.04296875
2 0.82265625 0.2609375 0.0390625 0.07578125
2 0.72265625 0.27578125 0.0421875 0.03359375
2 0.73203125 0.228125 0.0234375 0.0390625
2 0.69296875 0.20390625 0.040625 0.0453125
2 0.70703125 0.15859375 0.04609375 0.03984375
2 0.62734375 0.1828125 0.040625 0.03984375
2 0.62578125 0.1375 0.03203125 0.06953125
2 0.59375 0.13203125 0.01796875 0.0453125