2 0.296875 0.665625 0.03828125 0.04296875
2 0.4328125 0.6625 0.05234375 0.0375
2 0.53046875 0.6390625 0.05703125 0.0578125
2 0.57734375 0.71484375 0.040625 0.02578125
2 0.6 0.6359375 0.02265625 0.04609375
2 0.6328125 0.6765625 0.0296875 0.0375
2 0.42421875 0.70703125 0.04296875 0.02734375
2 0.421875 0.7359375 0.05703125 0.034375
2 0.47734375 0.75546875 0.07265625 0.05625
2 0.34296875 0.68984375 0.08203125 0.04453125
2 0.37578125 0.646875 0.05703125 0.0390625
2 0.42734375 0.62421875 0.0546875 0.04296875
2 0.32734375 0.86796875 0.090625 0.053125
2 0.296875 0.20390625 0.05703125 0.04296875
2 0.30546875 0.14453125 0.06171875 0.075
2 0.265625 0.0734375 0.059375 0.0546875
2 0.53984375 0.23828125 0.0796875 0.0578125
2 0.58515625 0.30390625 0.09296875 0.0796875
2 0.25546875 0.471875 0.04765625 0.034375
2 0.43984375 0.8375 0.04296875 0.0359375
2 0.46328125 0.8125 0.059375 0.0375