1 0.25859375 0.52265625 0.0453125 0.01875
1 0.28828125 0.53828125 0.04375 0.03828125
1 0.234375 0.57265625 0.0421875 0.03359375
1 0.22421875 0.59609375 0.05625 0.0421875
1 0.27421875 0.6109375 0.04375 0.02578125
1 0.28671875 0.64921875 0.040625 0.0296875
1 0.1859375 0.64921875 0.05390625 0.03359375
1 0.23515625 0.66171875 0.0453125 0.03515625
1 0.20546875 0.69609375 0.04375 0.03359375
1 0.25546875 0.71484375 0.03359375 0.053125
1 0.35078125 0.5078125 0.04921875 0.0421875
1 0.5921875 0.57265625 0.0421875 0.05078125
1 0.64765625 0.5328125 0.03515625 0.0359375
1 0.475 0.5734375 0.0390625 0.04921875
1 0.4953125 0.62421875 0.0546875 0.04921875
1 0.5296875 0.65703125 0.04765625 0.03984375
1 0.5765625 0.65625 0.040625 0.03828125
1 0.6421875 0.64921875 0.04609375 0.03828125
1 0.49296875 0.7328125 0.04921875 0.03046875
1 0.54140625 0.74375 0.04765625 0.053125
1 0.5921875 0.75390625 0.06484375 0.05078125
1 0.63828125 0.71328125 0.0765625 0.05078125
1 0.69609375 0.7171875 0.06796875 0.053125
1 0.7234375 0.6703125 0.04921875 0.03515625
1 0.715625 0.62109375 0.0578125 0.03828125
1 0.73203125 0.54921875 0.0375 0.03046875
1 0.77890625 0.59375 0.05078125 0.05078125
1 0.86171875 0.58203125 0.0625 0.053125
1 0.85546875 0.50703125 0.05625 0.06171875
1 0.7359375 0.4578125 0.040625 0.04453125
1 0.92421875 0.47109375 0.07421875 0.03125
1 0.34921875 0.60859375 0.05234375 0.0671875
1 0.41796875 0.5984375 0.0625 0.05078125
1 0.43828125 0.6375 0.0765625 0.053125
1 0.61953125 0.50234375 0.06796875 0.053125
1 0.8453125 0.64609375 0.04765625 0.03984375
1 0.7875 0.68125 0.08515625 0.046875
1 0.9125 0.5265625 0.05625 0.04453125
1 0.875 0.43671875 0.11875 0.0640625
1 0.46171875 0.44765625 0.06484375 0.053125
1 0.54296875 0.56171875 0.059375 0.03984375
1 0.21484375 0.53515625 0.04609375 0.046875
1 0.1796875 0.57265625 0.040625 0.0328125
1 0.3828125 0.66484375 0.04609375 0.0421875
1 0.1734375 0.715625 0.05078125 0.02734375
1 0.2109375 0.75703125 0.05625 0.04453125
1 0.3234375 0.73125 0.05234375 0.04140625
1 0.31484375 0.690625 0.05078125 0.03984375
1 0.41875 0.74296875 0.04921875 0.03984375
1 0.378125 0.75546875 0.04921875 0.0390625
1 0.36953125 0.7125 0.05234375 0.04453125
1 0.46640625 0.67734375 0.05234375 0.03984375
1 0.48984375 0.4828125 0.0640625 0.03671875
1 0.80546875 0.72734375 0.0609375 0.04140625
1 0.740625 0.77109375 0.078125 0.03984375