2 0.6734375 0.359375 0.04921875 0.06875
2 0.6765625 0.24296875 0.03046875 0.07109375
2 0.63984375 0.16796875 0.03203125 0.053125
2 0.63046875 0.11953125 0.034375 0.04375
2 0.62578125 0.2390625 0.03359375 0.04296875
2 0.58828125 0.1453125 0.03359375 0.03828125
2 0.5453125 0.6125 0.02578125 0.05625
2 0.53671875 0.65546875 0.0390625 0.040625
2 0.54140625 0.68359375 0.03203125 0.04609375
2 0.5078125 0.70390625 0.02890625 0.05625
2 0.53515625 0.72109375 0.01875 0.03359375
2 0.50625 0.625 0.015625 0.05625
2 0.43046875 0.5703125 0.03203125 0.04375
2 0.44921875 0.59765625 0.0203125 0.040625
2 0.4109375 0.59765625 0.0203125 0.0359375
2 0.41015625 0.63046875 0.0390625 0.0453125
2 0.44765625 0.66640625 0.03046875 0.04609375
2 0.45390625 0.73046875 0.021875 0.028125
2 0.45546875 0.778125 0.03203125 0.0359375
2 0.440625 0.35390625 0.01875 0.04296875
2 0.4765625 0.584375 0.0375 0.05078125
2 0.48203125 0.640625 0.0375 0.0609375