2 0.56328125 0.103125 0.1046875 0.0765625
2 0.68515625 0.23203125 0.05625 0.06484375
2 0.77265625 0.296875 0.090625 0.08828125
2 0.87421875 0.34140625 0.0703125 0.05859375
2 0.8984375 0.39140625 0.0765625 0.04140625
2 0.87734375 0.46796875 0.090625 0.06484375
2 0.765625 0.46484375 0.04921875 0.0703125
2 0.69921875 0.45859375 0.0703125 0.05859375
2 0.5875 0.43828125 0.05625 0.053125
2 0.53125 0.41796875 0.0421875 0.046875
2 0.56640625 0.21171875 0.12578125 0.08203125
2 0.115625 0.30625 0.06328125 0.046875
2 0.2625 0.5265625 0.06328125 0.053125
2 0.12578125 0.56796875 0.08359375 0.06484375
2 0.15 0.66484375 0.04921875 0.0703125
2 0.45078125 0.71796875 0.11875 0.08203125
2 0.61171875 0.68515625 0.0765625 0.0765625
2 0.678125 0.68515625 0.08359375 0.0765625
2 0.74140625 0.703125 0.08359375 0.0765625
2 0.8390625 0.65625 0.0703125 0.06484375
2 0.8984375 0.60625 0.1046875 0.05859375
2 0.9234375 0.6765625 0.05625 0.05859375
2 0.62578125 0.8734375 0.0765625 0.053125
2 0.559375 0.903125 0.0703125 0.053125
2 0.3078125 0.85625 0.08359375 0.06484375
2 0.2765625 0.79140625 0.0765625 0.06484375
2 0.296875 0.93515625 0.090625 0.0703125
2 0.440625 0.34140625 0.0703125 0.05859375
2 0.384375 0.50625 0.09765625 0.08203125
2 0.56640625 0.53203125 0.0703125 0.06484375
2 0.62265625 0.50859375 0.0703125 0.053125
2 0.6921875 0.53203125 0.0703125 0.06484375