3 0.7984375 0.70546875 0.01484375 0.02421875
3 0.83125 0.6859375 0.04140625 0.03359375
3 0.834375 0.746875 0.03671875 0.03515625
3 0.88125 0.78984375 0.0515625 0.046875
3 0.728125 0.86171875 0.046875 0.0265625
3 0.66953125 0.890625 0.046875 0.03125
3 0.6296875 0.87421875 0.03671875 0.02890625
3 0.62265625 0.82890625 0.0515625 0.04453125
3 0.62578125 0.75859375 0.03984375 0.03359375
3 0.5953125 0.73359375 0.03671875 0.03125
3 0.584375 0.89765625 0.04453125 0.03125
3 0.6421875 0.92265625 0.02734375 0.03359375
3 0.675 0.95078125 0.03984375 0.03515625
3 0.5875 0.97265625 0.02734375 0.01796875
3 0.5296875 0.903125 0.03984375 0.046875
3 0.3390625 0.95078125 0.0421875 0.0484375
3 0.43671875 0.775 0.0296875 0.03125
3 0.73828125 0.3953125 0.03203125 0.0421875
3 0.409375 0.44296875 0.04453125 0.053125
3 0.39609375 0.30859375 0.046875 0.03359375