1 0.34453125 0.0125 0.08125 0.02421875
1 0.3359375 0.0609375 0.05078125 0.03671875
1 0.3125 0.15703125 0.0578125 0.0515625
1 0.23984375 0.0546875 0.0609375 0.0546875
1 0.2265625 0.259375 0.04765625 0.03671875
1 0.19765625 0.4453125 0.05078125 0.0484375
1 0.2734375 0.50625 0.03359375 0.0609375
1 0.34609375 0.5015625 0.05078125 0.0515625
1 0.32578125 0.5484375 0.0578125 0.0671875
1 0.26171875 0.609375 0.0578125 0.0546875
1 0.3765625 0.58203125 0.04375 0.04296875
1 0.50859375 0.53203125 0.05078125 0.0640625
1 0.30078125 0.684375 0.04765625 0.03984375
1 0.63515625 0.85078125 0.07421875 0.0484375
1 0.69921875 0.5671875 0.0671875 0.04296875
1 0.4421875 0.04140625 0.0609375 0.0703125
1 0.17890625 0.296875 0.040625 0.0640625
1 0.17265625 0.359375 0.0609375 0.0484375
1 0.1015625 0.453125 0.05390625 0.08828125
1 0.521875 0.625 0.07109375 0.0484375
1 0.42890625 0.67109375 0.05390625 0.0546875
1 0.45078125 0.72265625 0.07109375 0.07890625
1 0.521875 0.77109375 0.09140625 0.08515625
1 0.57578125 0.878125 0.0578125 0.0734375
1 0.51484375 0.890625 0.05078125 0.0671875
1 0.3140625 0.7390625 0.07421875 0.03984375
1 0.30234375 0.8 0.07734375 0.0640625
1 0.3984375 0.77734375 0.09453125 0.0546875
1 0.33984375 0.85703125 0.0578125 0.0609375
1 0.38828125 0.85234375 0.0875 0.0640625
1 0.43046875 0.88125 0.0578125 0.0609375
1 0.20234375 0.60390625 0.05390625 0.04296875
1 0.2125 0.52734375 0.04765625 0.08515625
1 0.40859375 0.52109375 0.05390625 0.04296875
1 0.2515625 0.428125 0.05078125 0.03359375
1 0.28203125 0.45546875 0.05078125 0.03359375
1 0.3359375 0.425 0.0375 0.03359375
1 0.34296875 0.453125 0.0578125 0.02734375
1 0.32578125 0.3796875 0.0375 0.03359375
1 0.36328125 0.3796875 0.0375 0.03359375
1 0.23984375 0.34921875 0.04765625 0.03984375
1 0.11640625 0.3765625 0.0640625 0.04609375
1 0.10625 0.33203125 0.0578125 0.0546875
1 0.15234375 0.2546875 0.04765625 0.03984375
1 0.165625 0.53515625 0.0609375 0.0578125
1 0.14375 0.45 0.05078125 0.0515625
1 0.17734375 0.6390625 0.05078125 0.04609375
1 0.20234375 0.671875 0.04765625 0.03984375
1 0.24140625 0.678125 0.05078125 0.0578125
1 0.0453125 0.571875 0.0640625 0.0515625
1 0.61484375 0.52734375 0.07421875 0.07890625
1 0.559375 0.47890625 0.07109375 0.0734375
1 0.6234375 0.7640625 0.04375 0.03984375
1 0.3515625 0.65546875 0.09453125 0.10390625
1 0.59296875 0.74375 0.04375 0.03671875
1 0.1296875 0.7 0.084375 0.14296875