2 0.3203125 0.35703125 0.0640625 0.05078125
2 0.2359375 0.4328125 0.06171875 0.0421875
2 0.16171875 0.4375 0.07109375 0.0328125
2 0.1671875 0.465625 0.0515625 0.02421875
2 0.18125 0.49921875 0.05625 0.0421875
2 0.15234375 0.6765625 0.046875 0.0421875
2 0.2046875 0.696875 0.04453125 0.02890625
2 0.2390625 0.7578125 0.05390625 0.04453125
2 0.3234375 0.78125 0.025 0.0421875
2 0.4109375 0.7765625 0.046875 0.02421875
2 0.42890625 0.80546875 0.04453125 0.03359375
2 0.4546875 0.86328125 0.04140625 0.0421875
2 0.51640625 0.9359375 0.04140625 0.03359375
2 0.36484375 0.9359375 0.05390625 0.0421875
2 0.60234375 0.3171875 0.021875 0.03359375
2 0.56171875 0.29453125 0.034375 0.03984375
2 0.25078125 0.63203125 0.0515625 0.0375
2 0.3640625 0.74453125 0.03671875 0.03125
2 0.3375 0.82890625 0.034375 0.03046875
2 0.23515625 0.6625 0.04765625 0.040625
2 0.2875 0.43046875 0.040625 0.0328125