3 0.37109375 0.29296875 0.03671875 0.0375
3 0.296875 0.28671875 0.03203125 0.0421875
3 0.3703125 0.234375 0.03984375 0.053125
3 0.7640625 0.55 0.034375 0.046875
3 0.803125 0.6015625 0.0296875 0.0421875
3 0.7296875 0.6609375 0.034375 0.0328125
3 0.74921875 0.6921875 0.0296875 0.02890625
3 0.74921875 0.61796875 0.04453125 0.04921875
3 0.6890625 0.63671875 0.0421875 0.046875
3 0.59921875 0.6734375 0.04921875 0.04453125
3 0.5265625 0.67890625 0.021875 0.02890625
3 0.625 0.75625 0.0421875 0.0421875
3 0.63828125 0.63203125 0.034375 0.02890625