3 0.29609375 0.76875 0.0640625 0.0625
3 0.3171875 0.6515625 0.046875 0.04453125
3 0.45625 0.840625 0.05859375 0.0375
3 0.6125 0.56484375 0.03203125 0.053125
3 0.63203125 0.525 0.06640625 0.07109375
3 0.6046875 0.446875 0.02734375 0.03125
3 0.55859375 0.45078125 0.03203125 0.0328125
3 0.559375 0.5125 0.034375 0.03359375
3 0.65703125 0.428125 0.046875 0.0421875
3 0.665625 0.33515625 0.01953125 0.03359375
3 0.71484375 0.32265625 0.059375 0.06640625
3 0.70625 0.37421875 0.0515625 0.04453125
3 0.7 0.4140625 0.0640625 0.0359375
3 0.71484375 0.4484375 0.0296875 0.02890625
3 0.7734375 0.421875 0.0390625 0.0421875
3 0.7578125 0.36875 0.03671875 0.0515625