2 0.35390625 0.390625 0.03203125 0.02890625
2 0.32578125 0.3703125 0.04453125 0.0375
2 0.3578125 0.315625 0.0296875 0.03359375
2 0.31328125 0.66875 0.04453125 0.0359375
2 0.275 0.6921875 0.03671875 0.02890625
2 0.26171875 0.7234375 0.034375 0.02421875
2 0.29375 0.7453125 0.01953125 0.03359375
2 0.3234375 0.78203125 0.04453125 0.03984375
2 0.396875 0.803125 0.04453125 0.046875
2 0.37578125 0.72890625 0.021875 0.01328125
2 0.3796875 0.740625 0.04921875 0.046875
2 0.38828125 0.696875 0.046875 0.03828125
2 0.41640625 0.69765625 0.034375 0.0359375
2 0.4515625 0.70390625 0.034375 0.0265625
2 0.36171875 0.65 0.0421875 0.03359375
2 0.41171875 0.6421875 0.034375 0.0484375
2 0.52890625 0.7234375 0.0421875 0.0421875
2 0.484375 0.6953125 0.0421875 0.02265625
2 0.4890625 0.7453125 0.046875 0.0375
2 0.45703125 0.76875 0.05625 0.0359375
2 0.334375 0.71640625 0.03671875 0.0421875
2 0.72109375 0.3515625 0.046875 0.03125
2 0.634375 0.16640625 0.04140625 0.02421875
2 0.76796875 0.26328125 0.05625 0.0359375
2 0.7234375 0.17421875 0.046875 0.03515625