3 0.759375 0.7421875 0.0296875 0.0359375
3 0.76015625 0.78203125 0.03671875 0.03125
3 0.79375 0.7609375 0.034375 0.03359375
3 0.728125 0.765625 0.03203125 0.03359375
3 0.72109375 0.71015625 0.0515625 0.03828125
3 0.675 0.70546875 0.04375 0.03359375
3 0.6640625 0.7453125 0.0515625 0.0375
3 0.675 0.78125 0.034375 0.02421875
3 0.70078125 0.81640625 0.0515625 0.03828125
3 0.32734375 0.2453125 0.021875 0.03515625
3 0.3 0.290625 0.04140625 0.03359375
3 0.4265625 0.37265625 0.0546875 0.0421875
3 0.3671875 0.39921875 0.034375 0.03359375