3 0.23359375 0.14296875 0.07421875 0.04375
3 0.25546875 0.1 0.0796875 0.03203125
3 0.33515625 0.02578125 0.08125 0.04921875
3 0.2828125 0.39296875 0.065625 0.07109375
3 0.48984375 0.4453125 0.03828125 0.04609375
3 0.4734375 0.340625 0.053125 0.03984375
3 0.26875 0.53515625 0.065625 0.02578125
3 0.41171875 0.590625 0.04453125 0.05625
3 0.465625 0.54453125 0.03828125 0.04375
3 0.534375 0.53515625 0.06875 0.04921875
3 0.5453125 0.4859375 0.05 0.0421875
3 0.559375 0.42421875 0.053125 0.03984375
3 0.446875 0.43984375 0.0484375 0.04375
3 0.3890625 0.39765625 0.05703125 0.0359375
3 0.38515625 0.44453125 0.03984375 0.03984375
3 0.403125 0.35 0.04453125 0.04609375
3 0.221875 0.403125 0.0328125 0.0375
3 0.20625 0.315625 0.06015625 0.0453125
3 0.26875 0.49765625 0.065625 0.03984375