3 0.7515625 0.2421875 0.034375 0.02890625
3 0.3984375 0.41171875 0.046875 0.0484375
3 0.45078125 0.39609375 0.0390625 0.04453125
3 0.49453125 0.4265625 0.04140625 0.05078125
3 0.3234375 0.6578125 0.034375 0.03984375
3 0.40703125 0.671875 0.04453125 0.02421875
3 0.3796875 0.69296875 0.0296875 0.04453125
3 0.41953125 0.7140625 0.04453125 0.046875
3 0.46328125 0.6875 0.025 0.02890625
3 0.49921875 0.71015625 0.0125 0.03828125
3 0.59140625 0.70546875 0.0296875 0.046875
3 0.6296875 0.68671875 0.046875 0.0484375
3 0.6375 0.75 0.046875 0.06484375