2 0.47109375 0.25078125 0.04921875 0.05546875
2 0.3390625 0.22890625 0.06171875 0.0421875
2 0.33515625 0.2640625 0.034375 0.0734375
2 0.78828125 0.5390625 0.059375 0.03828125
2 0.81328125 0.5625 0.04921875 0.0578125
2 0.79375 0.59453125 0.025 0.02890625
2 0.828125 0.60234375 0.04453125 0.03515625
2 0.8203125 0.6359375 0.034375 0.0484375
2 0.7828125 0.6421875 0.04140625 0.03125
2 0.74921875 0.62578125 0.059375 0.046875
2 0.69609375 0.615625 0.0421875 0.0484375
2 0.646875 0.628125 0.03671875 0.0375
2 0.62109375 0.6453125 0.04453125 0.046875
2 0.63984375 0.67421875 0.0515625 0.0375
2 0.61875 0.7 0.0296875 0.03515625
2 0.66328125 0.703125 0.05390625 0.0515625
2 0.67734375 0.67421875 0.0390625 0.0375
2 0.72734375 0.684375 0.03984375 0.03984375
2 0.76640625 0.671875 0.04921875 0.0421875
2 0.78515625 0.70078125 0.021875 0.0421875
2 0.81796875 0.70859375 0.04453125 0.04453125
2 0.66796875 0.75 0.0734375 0.046875
2 0.7515625 0.77109375 0.059375 0.04453125
2 0.69765625 0.784375 0.04921875 0.03125
2 0.43671875 0.853125 0.0390625 0.03984375
2 0.72578125 0.82890625 0.046875 0.0359375
2 0.675 0.83515625 0.06875 0.053125