1 0.51796875 0.3375 0.0296875 0.02890625
1 0.5640625 0.36640625 0.03984375 0.046875
1 0.540625 0.38046875 0.03671875 0.03984375
1 0.54453125 0.41171875 0.025 0.03984375
1 0.59140625 0.41640625 0.02421875 0.0359375
1 0.6515625 0.39375 0.03671875 0.04453125
1 0.61484375 0.44140625 0.021875 0.02890625
1 0.46015625 0.46484375 0.02734375 0.0265625
1 0.5078125 0.49453125 0.0296875 0.02421875
1 0.46484375 0.50703125 0.02734375 0.03125
1 0.4921875 0.53671875 0.0421875 0.0421875
1 0.425 0.5328125 0.0515625 0.0515625
1 0.35 0.509375 0.05390625 0.053125
1 0.3234375 0.50703125 0.03984375 0.04453125
1 0.3796875 0.58359375 0.034375 0.02890625
1 0.42421875 0.5890625 0.04453125 0.04453125
1 0.478125 0.5890625 0.04921875 0.03984375
1 0.46328125 0.63125 0.0296875 0.0359375
1 0.39375 0.63671875 0.03671875 0.02421875
1 0.35546875 0.6203125 0.04921875 0.03984375
1 0.53125 0.55390625 0.03671875 0.03125
1 0.5484375 0.578125 0.03671875 0.04921875
1 0.596875 0.5734375 0.03984375 0.04921875
1 0.50625 0.61875 0.03203125 0.03359375
1 0.53125 0.64921875 0.02734375 0.03984375
1 0.509375 0.6953125 0.04140625 0.04921875
1 0.46953125 0.703125 0.0421875 0.0421875
1 0.43984375 0.7078125 0.04140625 0.046875
1 0.39453125 0.684375 0.04453125 0.0578125
1 0.45078125 0.771875 0.0390625 0.06015625
1 0.50546875 0.746875 0.04453125 0.0484375
1 0.5328125 0.78046875 0.034375 0.046875
1 0.54453125 0.73828125 0.034375 0.02578125
1 0.35546875 0.75546875 0.03203125 0.02578125
1 0.3421875 0.83046875 0.02890625 0.021875
1 0.39375 0.84765625 0.03984375 0.0265625
1 0.40703125 0.7578125 0.0390625 0.0265625
1 0.4125 0.72421875 0.0265625 0.02890625
1 0.3484375 0.66328125 0.03671875 0.03203125
1 0.32734375 0.6359375 0.034375 0.03203125
1 0.33515625 0.5875 0.03828125 0.0328125
1 0.5765625 0.51796875 0.03515625 0.03203125
1 0.59921875 0.38046875 0.04375 0.03828125
1 0.33125 0.54609375 0.03828125 0.03828125
1 0.4 0.503125 0.03984375 0.0328125
1 0.47265625 0.55859375 0.03671875 0.03359375
1 0.4625 0.66796875 0.05078125 0.0296875
1 0.375 0.71171875 0.0390625 0.025
1 0.33125 0.7703125 0.03671875 0.02890625
1 0.66875 0.565625 0.03828125 0.04375
1 0.69140625 0.64453125 0.0359375 0.03515625
1 0.65234375 0.6078125 0.0453125 0.03828125
1 0.6 0.63046875 0.034375 0.0390625
1 0.6171875 0.6140625 0.0328125 0.03515625
1 0.609375 0.46640625 0.0375 0.03203125
1 0.5703125 0.3359375 0.03671875 0.02890625
1 0.5328125 0.3265625 0.03203125 0.03203125
1 0.6171875 0.35859375 0.03203125 0.025
1 0.6375 0.34296875 0.0328125 0.0296875
1 0.6671875 0.33828125 0.0375 0.03359375
1 0.4625 0.7328125 0.0375 0.02890625
1 0.2984375 0.5765625 0.03984375 0.0296875
1 0.65 0.46328125 0.03203125 0.0328125
1 0.56015625 0.5484375 0.03828125 0.02890625
1 0.67734375 0.47265625 0.02890625 0.04140625