2 0.6703125 0.45859375 0.02578125 0.028125
2 0.6734375 0.49296875 0.015625 0.04609375
2 0.6328125 0.45859375 0.02578125 0.028125
2 0.60703125 0.46875 0.0203125 0.0328125
2 0.58671875 0.4828125 0.0234375 0.03046875
2 0.5875 0.50546875 0.01171875 0.02578125
2 0.59609375 0.521875 0.01875 0.0328125
2 0.60625 0.56171875 0.01171875 0.0359375
2 0.603125 0.60078125 0.0375 0.028125
2 0.57578125 0.603125 0.021875 0.03828125
2 0.55546875 0.6375 0.01875 0.03046875
2 0.659375 0.55859375 0.01328125 0.03046875
2 0.6265625 0.54609375 0.01875 0.03046875
2 0.628125 0.57265625 0.02578125 0.0484375
2 0.62578125 0.49375 0.01328125 0.01796875
2 0.640625 0.51328125 0.02734375 0.03046875
2 0.56015625 0.7015625 0.0109375 0.021875
2 0.625 0.61796875 0.01484375 0.025
2 0.584375 0.65859375 0.02265625 0.0375
2 0.66953125 0.53203125 0.015625 0.021875
2 0.6109375 0.51015625 0.015625 0.0265625