2 0.665625 0.2046875 0.0421875 0.0359375
2 0.5546875 0.39609375 0.0453125 0.053125
2 0.45859375 0.496875 0.09453125 0.06953125
2 0.44296875 0.5984375 0.05625 0.05546875
2 0.490625 0.565625 0.06484375 0.0421875
2 0.6046875 0.7296875 0.06796875 0.078125
2 0.34609375 0.59765625 0.0578125 0.053125
2 0.35078125 0.64921875 0.06640625 0.05546875
2 0.25703125 0.63515625 0.06484375 0.0578125
2 0.11875 0.69921875 0.0953125 0.04921875
2 0.19453125 0.54609375 0.0546875 0.04921875
2 0.2859375 0.5828125 0.07421875 0.07265625
2 0.10078125 0.50078125 0.059375 0.05
2 0.11953125 0.3953125 0.0625 0.05546875
2 0.1859375 0.4078125 0.06484375 0.0640625
2 0.23984375 0.40625 0.07109375 0.03828125
2 0.3890625 0.34921875 0.06796875 0.04453125
2 0.278125 0.32578125 0.06953125 0.05546875
2 0.16171875 0.1875 0.08515625 0.04921875
2 0.153125 0.1421875 0.0796875 0.05546875
2 0.071875 0.20234375 0.06484375 0.04921875
2 0.2765625 0.43984375 0.0546875 0.04375
2 0.30234375 0.50390625 0.06484375 0.05546875
2 0.4328125 0.415625 0.07109375 0.053125
2 0.41171875 0.23515625 0.040625 0.05546875
2 0.6078125 0.33359375 0.07421875 0.06328125
2 0.3546875 0.44375 0.0640625 0.04140625
2 0.36015625 0.4921875 0.0796875 0.05078125
2 0.55 0.46796875 0.07109375 0.0640625
2 0.953125 0.509375 0.059375 0.053125