2 0.69453125 0.35546875 0.0546875 0.046875
2 0.61953125 0.2640625 0.04140625 0.03359375
2 0.7046875 0.2953125 0.04921875 0.02890625
2 0.525 0.04140625 0.04921875 0.04453125
2 0.4921875 0.0671875 0.08125 0.046875
2 0.4390625 0.0890625 0.0390625 0.0375
2 0.34140625 0.0484375 0.03203125 0.04453125
2 0.27265625 0.0625 0.0515625 0.0328125
2 0.29609375 0.2609375 0.01953125 0.03515625
2 0.3453125 0.246875 0.04921875 0.0421875
2 0.5609375 0.08984375 0.03203125 0.0578125
2 0.5828125 0.09765625 0.03203125 0.02890625
2 0.63125 0.08046875 0.0734375 0.06015625
2 0.84140625 0.55390625 0.046875 0.04453125
2 0.8 0.58359375 0.03671875 0.05078125
2 0.85859375 0.6203125 0.0515625 0.053125
2 0.95859375 0.61484375 0.025 0.02890625
2 0.9421875 0.646875 0.046875 0.03984375
2 0.85859375 0.7109375 0.03203125 0.03125
2 0.85 0.75234375 0.03984375 0.03359375
2 0.90703125 0.7796875 0.05390625 0.03984375
2 0.6140625 0.64453125 0.0890625 0.0625
2 0.6765625 0.79453125 0.03671875 0.0375
2 0.64453125 0.75859375 0.021875 0.015625
2 0.7125 0.82890625 0.04921875 0.02265625
2 0.578125 0.89765625 0.0515625 0.04453125
2 0.65546875 0.85625 0.059375 0.0375
2 0.71796875 0.90078125 0.05703125 0.02890625
2 0.85390625 0.8328125 0.05625 0.03515625