2 0.26796875 0.43203125 0.03203125 0.0265625
2 0.14921875 0.43046875 0.0421875 0.0421875
2 0.10625 0.49921875 0.025 0.03828125
2 0.27421875 0.390625 0.03984375 0.03359375
2 0.5203125 0.2375 0.04921875 0.05078125
2 0.48671875 0.28203125 0.04140625 0.03828125
2 0.5265625 0.3328125 0.03671875 0.03359375
2 0.584375 0.19453125 0.034375 0.03515625
2 0.6109375 0.21328125 0.0296875 0.03359375
2 0.43984375 0.75 0.046875 0.03828125
2 0.41953125 0.775 0.04453125 0.0359375
2 0.43046875 0.8609375 0.04140625 0.0375
2 0.34453125 0.8609375 0.05625 0.046875
2 0.48046875 0.96484375 0.02421875 0.046875
2 0.5953125 0.9359375 0.05703125 0.05078125
2 0.315625 0.809375 0.01953125 0.0421875
2 0.3 0.73359375 0.03671875 0.0265625
2 0.2765625 0.76328125 0.0296875 0.03828125
2 0.25390625 0.8234375 0.02421875 0.0203125
2 0.23203125 0.7234375 0.0203125 0.03828125
2 0.19765625 0.73515625 0.02421875 0.03984375
2 0.15703125 0.73671875 0.02734375 0.046875
2 0.1875 0.7 0.04453125 0.03125
2 0.1546875 0.66875 0.03203125 0.03125