2 0.52734375 0.2359375 0.03046875 0.04609375
2 0.5296875 0.1734375 0.021875 0.0328125
2 0.63671875 0.17734375 0.05234375 0.0609375
2 0.64453125 0.20859375 0.02734375 0.03828125
2 0.66796875 0.22265625 0.03046875 0.0359375
2 0.66328125 0.275 0.02890625 0.03828125
2 0.59453125 0.2015625 0.03203125 0.05859375
2 0.590625 0.115625 0.01875 0.040625
2 0.70625 0.3390625 0.0390625 0.053125
2 0.6796875 0.41015625 0.02734375 0.05390625
2 0.415625 0.36796875 0.0203125 0.040625
2 0.4265625 0.5234375 0.025 0.05625
2 0.38828125 0.64296875 0.03359375 0.05546875
2 0.390625 0.71796875 0.0203125 0.0328125
2 0.4921875 0.78984375 0.02734375 0.0484375
2 0.5171875 0.76640625 0.040625 0.0328125
2 0.4953125 0.72734375 0.05078125 0.09140625
2 0.428125 0.83046875 0.01875 0.0328125
2 0.515625 0.92734375 0.0375 0.0484375
2 0.5453125 0.95390625 0.02578125 0.02578125
2 0.5640625 0.915625 0.02890625 0.0359375