1 0.55390625 0.5359375 0.0375 0.0453125
1 0.4765625 0.5921875 0.04140625 0.03046875
1 0.50703125 0.53828125 0.04453125 0.04921875
1 0.49453125 0.4953125 0.0625 0.0546875
1 0.39609375 0.71015625 0.0375 0.0453125
1 0.6140625 0.58359375 0.0578125 0.04921875
1 0.48671875 0.65859375 0.021875 0.04375
1 0.5234375 0.640625 0.03046875 0.02890625
1 0.58203125 0.62578125 0.05 0.0546875
1 0.71015625 0.690625 0.04453125 0.06015625
1 0.70703125 0.76484375 0.021875 0.01640625
1 0.68046875 0.74921875 0.02890625 0.06171875
1 0.7296875 0.8796875 0.04453125 0.06015625
1 0.60390625 0.9046875 0.05546875 0.06015625
1 0.609375 0.83671875 0.0484375 0.046875
1 0.55078125 0.73828125 0.03203125 0.03984375
1 0.584375 0.68359375 0.05546875 0.04921875
1 0.5953125 0.740625 0.05234375 0.0328125
1 0.50390625 0.7265625 0.03046875 0.034375
1 0.46640625 0.72109375 0.0578125 0.034375
1 0.5546875 0.846875 0.0578125 0.05234375
1 0.61640625 0.3796875 0.03046875 0.05078125
1 0.5671875 0.39375 0.05 0.02890625
1 0.734375 0.3078125 0.04296875 0.03828125
1 0.6796875 0.5859375 0.034375 0.03984375
1 0.6421875 0.6453125 0.0484375 0.04140625
1 0.6046875 0.515625 0.0359375 0.021875
1 0.53359375 0.4453125 0.046875 0.04140625
1 0.46640625 0.80703125 0.05390625 0.0453125
1 0.51640625 0.78046875 0.0375 0.0328125
1 0.58671875 0.7734375 0.04296875 0.02890625
1 0.596875 0.81015625 0.04140625 0.03046875
1 0.63125 0.790625 0.0484375 0.03046875
1 0.64609375 0.76640625 0.04296875 0.034375
1 0.6703125 0.8078125 0.0484375 0.021875
1 0.65859375 0.84921875 0.02890625 0.03984375
1 0.690625 0.8421875 0.04453125 0.04375
1 0.8109375 0.71484375 0.0375 0.04375
1 0.67265625 0.909375 0.034375 0.02578125
1 0.65078125 0.928125 0.0234375 0.02734375
1 0.4296875 0.56640625 0.0265625 0.0359375
1 0.38203125 0.6296875 0.02890625 0.02890625
1 0.65078125 0.5203125 0.03046875 0.03046875
1 0.56875 0.47578125 0.02890625 0.021875
1 0.53828125 0.4875 0.03203125 0.03046875
1 0.46875 0.5640625 0.0359375 0.021875
1 0.434375 0.5234375 0.0359375 0.034375
1 0.696875 0.415625 0.03984375 0.0328125
1 0.534375 0.68046875 0.034375 0.046875
1 0.46640625 0.625 0.03984375 0.034375
1 0.53046875 0.5890625 0.0484375 0.05234375
1 0.590625 0.49453125 0.02890625 0.034375
1 0.57734375 0.42578125 0.03046875 0.03046875
1 0.71015625 0.3765625 0.034375 0.03046875
1 0.6515625 0.33046875 0.02890625 0.0328125
1 0.71796875 0.62578125 0.021875 0.02578125
1 0.7359375 0.61953125 0.02890625 0.034375
1 0.70703125 0.5734375 0.03203125 0.0328125
1 0.7125 0.59921875 0.02890625 0.02578125
1 0.6546875 0.7296875 0.0234375 0.0328125
1 0.6421875 0.71015625 0.0265625 0.02734375
1 0.46484375 0.68125 0.0359375 0.03828125
1 0.7515625 0.65390625 0.0375 0.03828125
1 0.884375 0.58984375 0.0375 0.046875
1 0.83515625 0.61796875 0.06796875 0.04140625