3 0.625 0.803125 0.046875 0.03359375
3 0.68125 0.7078125 0.03671875 0.02890625
3 0.77265625 0.6984375 0.03671875 0.0421875
3 0.5328125 0.69453125 0.034375 0.05078125
3 0.45234375 0.40625 0.06171875 0.06015625
3 0.7421875 0.33828125 0.03984375 0.06171875
3 0.60625 0.7140625 0.05390625 0.03359375
3 0.61484375 0.7421875 0.06171875 0.02265625
3 0.56796875 0.7078125 0.03203125 0.0375
3 0.6875 0.73984375 0.0296875 0.03125
3 0.3875 0.87421875 0.05390625 0.05078125
3 0.34140625 0.87578125 0.03671875 0.02890625