3 0.33671875 0.3375 0.0515625 0.05546875
3 0.3859375 0.3515625 0.03203125 0.03984375
3 0.465625 0.3953125 0.05390625 0.06484375
3 0.59296875 0.11796875 0.03671875 0.046875
3 0.85625 0.271875 0.06640625 0.0484375
3 0.86484375 0.21015625 0.04453125 0.03984375
3 0.59921875 0.7375 0.0390625 0.0359375
3 0.40078125 0.59921875 0.03203125 0.06015625
3 0.403125 0.66015625 0.06640625 0.03984375
3 0.36640625 0.6125 0.03203125 0.0515625
3 0.3328125 0.628125 0.03984375 0.05078125
3 0.7625 0.9171875 0.0421875 0.0484375
3 0.65703125 0.90859375 0.03203125 0.053125