1 0.521875 0.23203125 0.0203125 0.02421875
1 0.48828125 0.1828125 0.03359375 0.06953125
1 0.5328125 0.15859375 0.02578125 0.05625
1 0.61875 0.16171875 0.03671875 0.06328125
1 0.66015625 0.1890625 0.03203125 0.05703125
1 0.61953125 0.1015625 0.02578125 0.0453125
1 0.5578125 0.1046875 0.040625 0.05703125
1 0.5046875 0.35 0.02265625 0.05390625
1 0.69453125 0.61171875 0.02734375 0.03046875
1 0.74765625 0.625 0.03203125 0.05703125
1 0.76640625 0.65859375 0.02890625 0.01484375
1 0.70546875 0.8765625 0.025 0.0359375
1 0.71484375 0.915625 0.03359375 0.06015625
1 0.75 0.85703125 0.02578125 0.05078125
1 0.65234375 0.871875 0.0203125 0.06953125
1 0.78671875 0.49609375 0.03515625 0.0640625
1 0.75546875 0.55 0.03046875 0.05703125
1 0.62578125 0.69453125 0.040625 0.05703125
1 0.65859375 0.696875 0.03203125 0.028125
1 0.659375 0.73046875 0.03359375 0.0265625
1 0.71015625 0.81796875 0.01328125 0.06875
1 0.675 0.80234375 0.03203125 0.0265625
1 0.7265625 0.7921875 0.0203125 0.03046875
1 0.7359375 0.746875 0.02578125 0.0359375
1 0.7453125 0.821875 0.03046875 0.0296875
1 0.76015625 0.7734375 0.03203125 0.0359375
1 0.76015625 0.73828125 0.021875 0.01875
1 0.76640625 0.68984375 0.03515625 0.04296875
1 0.74140625 0.68984375 0.01171875 0.04296875
1 0.725 0.73046875 0.0203125 0.0265625
1 0.68203125 0.68203125 0.01796875 0.03359375
1 0.6953125 0.66328125 0.0359375 0.0484375
1 0.70703125 0.71171875 0.02734375 0.05703125
1 0.621875 0.6390625 0.0203125 0.0484375
1 0.415625 0.65546875 0.0375 0.03203125
1 0.428125 0.69453125 0.01875 0.0390625
1 0.6515625 0.5890625 0.01953125 0.03125
1 0.55546875 0.24375 0.025 0.05
1 0.46640625 0.12109375 0.02265625 0.040625
1 0.509375 0.06875 0.03984375 0.040625
1 0.5859375 0.19296875 0.0328125 0.0453125
1 0.734375 0.3484375 0.0421875 0.05625
1 0.78828125 0.64921875 0.02734375 0.053125
1 0.6984375 0.97734375 0.04140625 0.04375
1 0.65703125 0.97265625 0.03828125 0.053125
1 0.67265625 0.76640625 0.03203125 0.046875
1 0.65078125 0.78828125 0.03125 0.05078125
1 0.6765625 0.83828125 0.02421875 0.0453125
1 0.3953125 0.61953125 0.02421875 0.04296875
1 0.40859375 0.76953125 0.028125 0.0546875
1 0.446875 0.259375 0.034375 0.05546875
1 0.7265625 0.575 0.01953125 0.04609375
1 0.71171875 0.7609375 0.02578125 0.04140625
1 0.72265625 0.63203125 0.02421875 0.0453125
1 0.64765625 0.63984375 0.025 0.04453125
1 0.51484375 0.2703125 0.028125 0.0484375