2 0.39921875 0.80546875 0.034375 0.046875
2 0.4921875 0.71015625 0.03671875 0.03828125
2 0.44609375 0.67109375 0.04453125 0.04453125
2 0.415625 0.70625 0.03671875 0.03984375
2 0.3578125 0.69765625 0.0640625 0.04453125
2 0.34375 0.6609375 0.03671875 0.0375
2 0.3546875 0.61328125 0.059375 0.0359375
2 0.35 0.57734375 0.0390625 0.0375
2 0.303125 0.44140625 0.0546875 0.05078125
2 0.28515625 0.5046875 0.03671875 0.03984375
2 0.29609375 0.57890625 0.04921875 0.03359375
2 0.75 0.2984375 0.05625 0.0578125
2 0.64609375 0.2375 0.025 0.046875
2 0.68046875 0.2296875 0.0390625 0.04921875
2 0.6515625 0.178125 0.0515625 0.0515625
2 0.76640625 0.24765625 0.0390625 0.0484375
2 0.6765625 0.8875 0.02734375 0.03828125
2 0.7046875 0.88359375 0.03984375 0.03515625
2 0.6203125 0.903125 0.03671875 0.02421875
2 0.51015625 0.75625 0.0546875 0.04296875
2 0.38828125 0.66015625 0.04296875 0.0328125