2 0.8484375 0.1015625 0.0765625 0.03828125
2 0.88046875 0.14296875 0.06484375 0.053125
2 0.771875 0.14140625 0.05390625 0.040625
2 0.78046875 0.1015625 0.06484375 0.03359375
2 0.74375 0.18984375 0.03203125 0.03046875
2 0.790625 0.22578125 0.0453125 0.046875
2 0.61484375 0.34140625 0.0421875 0.03828125
2 0.64296875 0.35546875 0.05625 0.02734375
2 0.6265625 0.38203125 0.05390625 0.04375
2 0.7265625 0.39453125 0.0828125 0.05546875
2 0.93984375 0.6234375 0.059375 0.05
2 0.98125 0.5828125 0.00546875 0.015625
2 0.95546875 0.55859375 0.05078125 0.04609375
2 0.57421875 0.434375 0.05234375 0.04140625
2 0.578125 0.46875 0.04921875 0.04453125
2 0.82890625 0.6296875 0.04921875 0.0328125
2 0.825 0.68828125 0.0640625 0.05703125
2 0.690625 0.76875 0.05078125 0.0578125
2 0.74609375 0.7609375 0.0546875 0.046875
2 0.80234375 0.771875 0.05078125 0.0515625
2 0.7921875 0.865625 0.05390625 0.04375
2 0.7296875 0.86015625 0.04765625 0.05546875
2 0.79609375 0.8984375 0.0390625 0.03359375
2 0.83046875 0.93125 0.03515625 0.028125
2 0.85546875 0.95703125 0.0453125 0.0359375
2 0.89375 0.921875 0.05078125 0.0515625
2 0.646875 0.52890625 0.059375 0.053125
2 0.6515625 0.6421875 0.05625 0.0578125
2 0.69921875 0.69765625 0.07421875 0.06640625
2 0.725 0.64296875 0.05625 0.03828125
2 0.865625 0.778125 0.05390625 0.03828125
2 0.8453125 0.30078125 0.040625 0.03515625
2 0.92734375 0.2328125 0.040625 0.03828125
2 0.9765625 0.25078125 0.02578125 0.04609375
2 0.96484375 0.17578125 0.01484375 0.04453125
2 0.86484375 0.5515625 0.07421875 0.0515625
2 0.96875 0.7671875 0.0421875 0.0421875