2 0.809375 0.50078125 0.03671875 0.04921875
2 0.74296875 0.57578125 0.02734375 0.021875
2 0.76171875 0.59375 0.0296875 0.02265625
2 0.8078125 0.609375 0.04453125 0.03125
2 0.8453125 0.6 0.04453125 0.03125
2 0.7734375 0.6375 0.034375 0.03125
2 0.77734375 0.67421875 0.0421875 0.0375
2 0.7734375 0.70859375 0.02421875 0.03125
2 0.73046875 0.678125 0.046875 0.04453125
2 0.70859375 0.715625 0.021875 0.01796875
2 0.76015625 0.73515625 0.04140625 0.03984375
2 0.6984375 0.6578125 0.03671875 0.04921875
2 0.68515625 0.72734375 0.0390625 0.046875
2 0.7125 0.75546875 0.03984375 0.04453125
2 0.6125 0.6609375 0.0515625 0.07265625
2 0.39453125 0.32421875 0.04921875 0.0421875
2 0.42265625 0.23203125 0.04140625 0.053125
2 0.5671875 0.1921875 0.0546875 0.03984375
2 0.62890625 0.21953125 0.059375 0.05546875
2 0.7375 0.634375 0.03515625 0.0328125
2 0.66328125 0.57265625 0.03671875 0.028125