2 0.4890625 0.35625 0.03203125 0.03984375
2 0.46015625 0.309375 0.06640625 0.0578125
2 0.50546875 0.325 0.04453125 0.03515625
2 0.6078125 0.22578125 0.04140625 0.04453125
2 0.5203125 0.1765625 0.07890625 0.053125
2 0.515625 0.0921875 0.0640625 0.04921875
2 0.57421875 0.06171875 0.04921875 0.03984375
2 0.9078125 0.3359375 0.04140625 0.053125
2 0.9546875 0.32734375 0.06640625 0.04453125
2 0.43125 0.671875 0.0390625 0.0375
2 0.48046875 0.66015625 0.04453125 0.04453125
2 0.51875 0.7 0.03671875 0.03984375
2 0.7171875 0.71015625 0.034375 0.0203125
2 0.72109375 0.74453125 0.04140625 0.01796875
2 0.75625 0.7 0.0296875 0.03984375
2 0.77890625 0.67421875 0.03984375 0.0203125
2 0.77890625 0.6984375 0.025 0.02890625
2 0.775 0.75625 0.046875 0.02421875
2 0.76171875 0.7765625 0.04453125 0.02890625
2 0.7765625 0.79375 0.0296875 0.03359375
2 0.7296875 0.81875 0.034375 0.03359375
2 0.84140625 0.83125 0.03671875 0.0359375
2 0.8453125 0.69296875 0.034375 0.03984375
2 0.90390625 0.66796875 0.0390625 0.03359375
2 0.86484375 0.59765625 0.01953125 0.04453125
2 0.81328125 0.63984375 0.034375 0.03125
2 0.8984375 0.5390625 0.02734375 0.0203125
2 0.94375 0.51328125 0.0296875 0.03984375
2 0.95703125 0.540625 0.03671875 0.03125
2 0.79140625 0.12421875 0.0296875 0.03359375
2 0.5015625 0.81640625 0.03671875 0.0421875
2 0.29375 0.56171875 0.03984375 0.05546875
2 0.3796875 0.63203125 0.0390625 0.0375