1 0.3625 0.21640625 0.04921875 0.05078125
1 0.325 0.08828125 0.03359375 0.0609375
1 0.428125 0.28984375 0.0421875 0.0640625
1 0.36484375 0.31484375 0.0625 0.05078125
1 0.3640625 0.371875 0.0375 0.0625
1 0.30625 0.28671875 0.0453125 0.040625
1 0.29765625 0.32734375 0.0390625 0.04609375
1 0.24765625 0.26953125 0.0546875 0.0578125
1 0.225 0.3078125 0.04375 0.0421875
1 0.190625 0.37734375 0.0765625 0.0625
1 0.0546875 0.25546875 0.07109375 0.04765625
1 0.1046875 0.18515625 0.05390625 0.0625
1 0.03828125 0.3484375 0.05390625 0.0625
1 0.1109375 0.3015625 0.059375 0.0546875
1 0.14921875 0.253125 0.0578125 0.0421875
1 0.0796875 0.3890625 0.0609375 0.05390625
1 0.0265625 0.48046875 0.053125 0.0546875
1 0.0890625 0.45625 0.05390625 0.06953125
1 0.153125 0.43125 0.05078125 0.05390625
1 0.14453125 0.48828125 0.06796875 0.06640625
1 0.0765625 0.52578125 0.0375 0.0578125
1 0.071875 0.58984375 0.09453125 0.06953125
1 0.0953125 0.66953125 0.07421875 0.0609375
1 0.1734375 0.5421875 0.0421875 0.04375
1 0.22578125 0.4390625 0.0609375 0.02890625
1 0.28671875 0.45859375 0.084375 0.05078125
1 0.31484375 0.5765625 0.04609375 0.04609375
1 0.35078125 0.51484375 0.0578125 0.04765625
1 0.31015625 0.41015625 0.04609375 0.0609375
1 0.26953125 0.3734375 0.06640625 0.0625
1 0.38046875 0.6546875 0.03046875 0.040625
1 0.41484375 0.85625 0.0640625 0.0578125
1 0.4296875 0.80390625 0.059375 0.0453125
1 0.4625 0.753125 0.0578125 0.05390625
1 0.440625 0.44140625 0.02890625 0.0421875
1 0.271875 0.525 0.07109375 0.0421875
1 0.24609375 0.61328125 0.0953125 0.084375