1 0.55390625 0.84765625 0.059375 0.06171875
1 0.72890625 0.83515625 0.0625 0.05078125
1 0.76875 0.784375 0.0796875 0.04609375
1 0.83671875 0.73203125 0.153125 0.05078125
1 0.72421875 0.6796875 0.121875 0.05703125
1 0.75703125 0.60703125 0.159375 0.053125
1 0.63359375 0.62578125 0.05234375 0.04140625
1 0.3453125 0.55625 0.0796875 0.053125
1 0.221875 0.621875 0.153125 0.06875
1 0.075 0.56328125 0.0796875 0.053125
1 0.11953125 0.44609375 0.11484375 0.06171875
1 0.30546875 0.41953125 0.090625 0.0734375
1 0.1265625 0.3140625 0.10078125 0.0640625
1 0.921875 0.29609375 0.0796875 0.0546875
1 0.89921875 0.35546875 0.0765625 0.06875
1 0.78828125 0.49296875 0.096875 0.0875
1 0.73125 0.34765625 0.1703125 0.053125
1 0.546875 0.3109375 0.1078125 0.04375
1 0.52109375 0.3578125 0.08359375 0.0546875
1 0.440625 0.29140625 0.10390625 0.04609375
1 0.41484375 0.22734375 0.065625 0.0640625
1 0.578125 0.17421875 0.13515625 0.06875
1 0.33828125 0.2125 0.121875 0.06171875
1 0.28671875 0.1453125 0.1078125 0.07109375
1 0.1890625 0.17109375 0.13515625 0.07578125
1 0.565625 0.51953125 0.08359375 0.06171875
1 0.64375 0.46015625 0.0796875 0.0484375
1 0.7203125 0.42421875 0.09375 0.059375
1 0.3421875 0.7109375 0.09375 0.05078125
1 0.20859375 0.76015625 0.1875 0.07578125
1 0.684375 0.7703125 0.08359375 0.04609375
1 0.653125 0.0953125 0.090625 0.0390625
1 0.66640625 0.2453125 0.06953125 0.0546875
1 0.284375 0.078125 0.159375 0.059375
1 0.7328125 0.2234375 0.0625 0.05703125
1 0.8296875 0.178125 0.05546875 0.05703125
1 0.5328125 0.61796875 0.10078125 0.06171875
1 0.440625 0.47578125 0.08359375 0.1078125
1 0.21328125 0.51015625 0.1078125 0.05703125
1 0.41484375 0.80859375 0.059375 0.06640625
1 0.45625 0.1796875 0.07265625 0.0484375
1 0.90078125 0.8046875 0.065625 0.05078125
1 0.9515625 0.80859375 0.0765625 0.053125
1 0.96328125 0.728125 0.065625 0.05703125
1 0.34921875 0.6078125 0.08671875 0.0546875
1 0.35390625 0.90234375 0.0625 0.034375
1 0.33125 0.8609375 0.059375 0.0296875
1 0.28984375 0.88203125 0.03828125 0.0296875
1 0.27109375 0.91640625 0.06953125 0.034375
1 0.7984375 0.30859375 0.0484375 0.04375
1 0.88203125 0.24921875 0.05546875 0.04375
1 0.409375 0.6421875 0.06953125 0.05078125
1 0.24453125 0.684375 0.10078125 0.05703125
1 0.2671875 0.30859375 0.0484375 0.07578125
1 0.53125 0.96640625 0.0625 0.0390625
1 0.63515625 0.89453125 0.08359375 0.05078125
1 0.49296875 0.40703125 0.0765625 0.05703125