1 0.51484375 0.2515625 0.03046875 0.0515625
1 0.57734375 0.2515625 0.034375 0.0515625
1 0.54765625 0.11328125 0.034375 0.0453125
1 0.6015625 0.0453125 0.03046875 0.06484375
1 0.48515625 0.06796875 0.05625 0.0578125
1 0.49140625 0.11953125 0.034375 0.0578125
1 0.465625 0.18359375 0.034375 0.0453125
1 0.42421875 0.12265625 0.021875 0.0390625
1 0.353125 0.0578125 0.06875 0.07734375
1 0.34921875 0.12890625 0.02578125 0.0390625
1 0.33203125 0.17109375 0.034375 0.0453125
1 0.41171875 0.17734375 0.04765625 0.0578125
1 0.375 0.21640625 0.0171875 0.0453125
1 0.35546875 0.3 0.03046875 0.0453125
1 0.3125 0.31953125 0.0390625 0.0453125
1 0.2671875 0.209375 0.034375 0.03203125
1 0.215625 0.26796875 0.034375 0.0578125
1 0.28046875 0.32578125 0.034375 0.0578125
1 0.2265625 0.3390625 0.03046875 0.0578125
1 0.27578125 0.38359375 0.02578125 0.03203125
1 0.33828125 0.43203125 0.0390625 0.0390625
1 0.290625 0.4421875 0.021875 0.0453125
1 0.36875 0.48671875 0.03046875 0.0453125
1 0.415625 0.58671875 0.0390625 0.06484375
1 0.5671875 0.603125 0.05625 0.0578125
1 0.48046875 0.403125 0.021875 0.0578125
1 0.51484375 0.33203125 0.03046875 0.07109375
1 0.5171875 0.4390625 0.034375 0.06484375
1 0.69375 0.2484375 0.034375 0.0578125
1 0.70078125 0.48046875 0.04765625 0.08359375
1 0.659375 0.51640625 0.034375 0.0390625
1 0.73671875 0.6453125 0.02578125 0.0390625
1 0.7609375 0.73515625 0.04765625 0.06484375
1 0.7671875 0.6421875 0.034375 0.0578125
1 0.84296875 0.6421875 0.0390625 0.0578125
1 0.20234375 0.603125 0.034375 0.0453125
1 0.2609375 0.67734375 0.0390625 0.06484375
1 0.3234375 0.8 0.06875 0.103125
1 0.38828125 0.796875 0.04296875 0.0578125
1 0.46953125 0.86484375 0.034375 0.07734375
1 0.465625 0.9421875 0.02578125 0.0515625
1 0.4203125 0.896875 0.03046875 0.0515625
1 0.25859375 0.96484375 0.04296875 0.0578125
1 0.21796875 0.77421875 0.05625 0.07734375
1 0.58828125 0.68671875 0.03046875 0.0453125
1 0.16171875 0.4484375 0.03046875 0.0578125
1 0.471875 0.3390625 0.0390625 0.0578125
1 0.4328125 0.2484375 0.05625 0.0578125
1 0.415625 0.3546875 0.0390625 0.06484375
1 0.3859375 0.43203125 0.03046875 0.0390625
1 0.415625 0.51640625 0.0390625 0.0515625
1 0.47421875 0.48046875 0.02578125 0.0578125
1 0.284375 0.59375 0.034375 0.0515625
1 0.16171875 0.71328125 0.04765625 0.07109375
1 0.61015625 0.5578125 0.03046875 0.0578125