2 0.3265625 0.596875 0.02734375 0.02890625
2 0.13359375 0.69140625 0.06875 0.04453125
2 0.03515625 0.67734375 0.034375 0.053125
2 0.0625 0.6625 0.0640625 0.053125
2 0.09296875 0.590625 0.03203125 0.0375
2 0.06796875 0.56171875 0.0421875 0.0375
2 0.03125 0.5578125 0.05703125 0.0625
2 0.0734375 0.5125 0.07109375 0.03359375
2 0.05703125 0.4859375 0.04453125 0.03359375
2 0.07734375 0.46953125 0.0546875 0.04453125
2 0.0609375 0.42578125 0.03203125 0.03359375
2 0.1171875 0.4015625 0.0515625 0.02890625
2 0.05078125 0.36171875 0.04140625 0.03359375
2 0.09765625 0.35078125 0.0515625 0.05078125
2 0.4140625 0.19140625 0.03984375 0.03828125
2 0.45234375 0.28515625 0.06171875 0.07109375
2 0.37109375 0.928125 0.03671875 0.03984375
2 0.20390625 0.6703125 0.06171875 0.0421875
2 0.303125 0.6890625 0.03984375 0.0625
2 0.14921875 0.36171875 0.0515625 0.06875
2 0.4125 0.12578125 0.0328125 0.03125