1 0.29296875 0.06640625 0.06015625 0.053125
1 0.3046875 0.1625 0.06328125 0.06640625
1 0.3046875 0.22421875 0.05703125 0.0578125
1 0.40703125 0.11796875 0.053125 0.06640625
1 0.40703125 0.1953125 0.03984375 0.04453125
1 0.478125 0.17578125 0.05 0.06640625
1 0.56640625 0.24921875 0.06015625 0.053125
1 0.4796875 0.29296875 0.03984375 0.04453125
1 0.50859375 0.30234375 0.0296875 0.0625
1 0.46015625 0.34453125 0.053125 0.0578125
1 0.446875 0.41328125 0.06015625 0.07109375
1 0.421875 0.45078125 0.04296875 0.0578125
1 0.4 0.478125 0.03984375 0.06640625
1 0.23828125 0.44921875 0.05 0.053125
1 0.3296875 0.61796875 0.03984375 0.0796875
1 0.38984375 0.5625 0.053125 0.06640625
1 0.58515625 0.6625 0.05703125 0.07109375
1 0.61015625 0.7265625 0.053125 0.06640625
1 0.6484375 0.8375 0.03671875 0.07578125
1 0.425 0.80703125 0.03671875 0.06640625
1 0.70703125 0.50859375 0.06015625 0.084375
1 0.75703125 0.23984375 0.03984375 0.0625
1 0.6453125 0.4625 0.05703125 0.0625
1 0.5734375 0.43125 0.053125 0.053125
1 0.56171875 0.3421875 0.05703125 0.0796875
1 0.5265625 0.4421875 0.03359375 0.03984375
1 0.4984375 0.49140625 0.03671875 0.0578125
1 0.46796875 0.49296875 0.01640625 0.053125
1 0.46328125 0.57109375 0.046875 0.0578125
1 0.43359375 0.68671875 0.03984375 0.04921875
1 0.51640625 0.69296875 0.053125 0.0796875
1 0.53203125 0.60234375 0.05 0.06640625
1 0.578125 0.56015625 0.0234375 0.04453125
1 0.61640625 0.53125 0.03984375 0.04921875
1 0.31640625 0.49140625 0.03359375 0.06640625
1 0.3546875 0.415625 0.05 0.0578125
1 0.35859375 0.3578125 0.05703125 0.06640625
1 0.36328125 0.2734375 0.053125 0.06640625
1 0.5296875 0.821875 0.03984375 0.0890625
1 0.63828125 0.58671875 0.0296875 0.04453125
1 0.61640625 0.84453125 0.03984375 0.0625
1 0.703125 0.39140625 0.046875 0.04453125
1 0.578125 0.09296875 0.03671875 0.0359375
1 0.51640625 0.11796875 0.03359375 0.03125
1 0.5265625 0.146875 0.03359375 0.0359375
1 0.51640625 0.18203125 0.03359375 0.0359375
1 0.5984375 0.14921875 0.04296875 0.03984375
1 0.60859375 0.1796875 0.03671875 0.03984375
1 0.46171875 0.07578125 0.0296875 0.0359375
1 0.4765625 0.121875 0.0265625 0.03125
1 0.78203125 0.88203125 0.03671875 0.03984375
1 0.73671875 0.7734375 0.03984375 0.0625
1 0.69140625 0.8109375 0.05703125 0.04921875
1 0.35703125 0.684375 0.03984375 0.053125
1 0.3296875 0.70859375 0.0265625 0.03984375
1 0.446875 0.62421875 0.03359375 0.03125
1 0.53984375 0.5375 0.046875 0.053125
1 0.628125 0.30703125 0.0296875 0.0359375
1 0.61328125 0.353125 0.03359375 0.0578125
1 0.5453125 0.021875 0.03671875 0.0359375
1 0.7546875 0.178125 0.0296875 0.04453125
1 0.7953125 0.78203125 0.03671875 0.04453125
1 0.81484375 0.82890625 0.04296875 0.04921875