3 0.57421875 0.6796875 0.04921875 0.03984375
3 0.64296875 0.7828125 0.04453125 0.02890625
3 0.64609375 0.82890625 0.034375 0.04453125
3 0.6640625 0.8828125 0.03203125 0.0421875
3 0.62265625 0.90625 0.03671875 0.0359375
3 0.72421875 0.815625 0.034375 0.04453125
3 0.6890625 0.78828125 0.02734375 0.04921875
3 0.81171875 0.74921875 0.03203125 0.03984375
3 0.8375 0.58828125 0.03984375 0.0375
3 0.76015625 0.60546875 0.04140625 0.0421875
3 0.790625 0.6546875 0.0546875 0.0328125
3 0.6515625 0.93359375 0.046875 0.02421875