1 0.4734375 0.625 0.06484375 0.059375
1 0.33671875 0.553125 0.05078125 0.0625
1 0.60625 0.41796875 0.0796875 0.0359375
1 0.76796875 0.73515625 0.0578125 0.0609375
1 0.678125 0.73828125 0.08671875 0.06796875
1 0.44609375 0.684375 0.06640625 0.05234375
1 0.46796875 0.74765625 0.08671875 0.084375
1 0.46171875 0.56640625 0.0625 0.0578125
1 0.41015625 0.5078125 0.0640625 0.059375
1 0.38359375 0.46796875 0.06796875 0.0640625
1 0.45859375 0.43359375 0.0765625 0.10703125
1 0.2890625 0.46171875 0.09453125 0.08828125
1 0.35 0.3234375 0.059375 0.0640625
1 0.46875 0.3484375 0.06484375 0.05390625
1 0.53984375 0.37109375 0.05390625 0.06640625
1 0.646875 0.36171875 0.05625 0.07421875
1 0.640625 0.28046875 0.11328125 0.0625
1 0.4828125 0.29296875 0.084375 0.078125
1 0.428125 0.23515625 0.059375 0.05390625
1 0.6546875 0.196875 0.05078125 0.0375
1 0.6453125 0.16953125 0.08984375 0.06640625
1 0.26640625 0.0546875 0.09296875 0.0640625
1 0.2703125 0.1609375 0.07421875 0.06640625
1 0.6171875 0.49140625 0.08125 0.06640625
1 0.725 0.22109375 0.0421875 0.03359375
1 0.69609375 0.221875 0.0359375 0.03203125
1 0.8015625 0.15546875 0.04375 0.0359375
1 0.68515625 0.61640625 0.04375 0.03046875
1 0.6921875 0.8421875 0.04765625 0.04375
1 0.56484375 0.7359375 0.05625 0.03203125
1 0.5171875 0.48828125 0.04375 0.03203125
1 0.475 0.51796875 0.04765625 0.0453125
1 0.53046875 0.5390625 0.0578125 0.05234375
1 0.58984375 0.5546875 0.0609375 0.0546875
1 0.51171875 0.4375 0.04921875 0.0375
1 0.71875 0.409375 0.04609375 0.0390625
1 0.7421875 0.28984375 0.04921875 0.04921875
1 0.49609375 0.09140625 0.05390625 0.0375
1 0.325 0.06875 0.040625 0.0421875
1 0.334375 0.02734375 0.0625 0.02890625
1 0.4140625 0.16328125 0.06484375 0.03359375
1 0.32890625 0.19296875 0.04609375 0.03515625
1 0.41171875 0.31171875 0.03203125 0.078125
1 0.328125 0.39140625 0.0625 0.05234375
1 0.3953125 0.38515625 0.04921875 0.03359375
1 0.290625 0.52734375 0.04765625 0.04609375
1 0.59609375 0.78046875 0.0359375 0.03046875
1 0.74453125 0.66640625 0.05078125 0.0375
1 0.790625 0.69609375 0.05625 0.04765625
1 0.69140625 0.03984375 0.04609375 0.0421875
1 0.46484375 0.178125 0.0375 0.04609375
1 0.55546875 0.303125 0.0390625 0.0375
1 0.59609375 0.23671875 0.0421875 0.0453125
1 0.58671875 0.36484375 0.04921875 0.0453125
1 0.5109375 0.196875 0.0390625 0.04921875
1 0.56328125 0.4796875 0.0453125 0.0375
1 0.55 0.6609375 0.04765625 0.04375
1 0.55390625 0.609375 0.04375 0.059375
1 0.88828125 0.22734375 0.05234375 0.03515625