2 0.17109375 0.07265625 0.05 0.03671875
2 0.1890625 0.11875 0.05859375 0.04453125
2 0.23359375 0.04453125 0.04375 0.0484375
2 0.29921875 0.0859375 0.05703125 0.04609375
2 0.384375 0.121875 0.04765625 0.03203125
2 0.1265625 0.103125 0.05234375 0.04609375
2 0.40625 0.38125 0.05234375 0.03828125
2 0.23671875 0.58046875 0.0546875 0.02890625
2 0.2 0.7609375 0.0328125 0.03515625
2 0.2640625 0.790625 0.03046875 0.03984375
2 0.30546875 0.78046875 0.03046875 0.03828125
2 0.35703125 0.8109375 0.0328125 0.03828125
2 0.3484375 0.76015625 0.02421875 0.03359375
2 0.47734375 0.6953125 0.05859375 0.04140625
2 0.50078125 0.75 0.05 0.0484375
2 0.415625 0.775 0.0328125 0.04296875
2 0.24140625 0.83828125 0.028125 0.02890625
2 0.2875 0.8734375 0.05 0.03203125
2 0.08984375 0.70625 0.04765625 0.04296875
2 0.33203125 0.71953125 0.06953125 0.0484375
2 0.26015625 0.69140625 0.05703125 0.03359375
2 0.1078125 0.5 0.04609375 0.04453125
2 0.165625 0.5265625 0.05234375 0.04296875
2 0.0609375 0.40703125 0.04765625 0.03515625
2 0.1625 0.24921875 0.04609375 0.05625
2 0.2390625 0.35703125 0.08515625 0.0703125
2 0.3625 0.35078125 0.05234375 0.03203125
2 0.1546875 0.45 0.04765625 0.0515625
2 0.221875 0.4703125 0.06796875 0.03984375
2 0.4046875 0.56875 0.08046875 0.0703125
2 0.5 0.51328125 0.0609375 0.04609375
2 0.2765625 0.64765625 0.04140625 0.0515625
2 0.15078125 0.64453125 0.06953125 0.0484375
2 0.21953125 0.7046875 0.071875 0.03984375
2 0.43671875 0.85390625 0.065625 0.0578125