2 0.775 0.38828125 0.05625 0.02890625
2 0.8609375 0.4375 0.046875 0.0328125
2 0.40546875 0.41328125 0.0515625 0.02890625
2 0.45 0.4546875 0.03671875 0.05078125
2 0.334375 0.30859375 0.06640625 0.0515625
2 0.515625 0.31875 0.03984375 0.03515625
2 0.63671875 0.32421875 0.08125 0.05078125
2 0.553125 0.57109375 0.046875 0.03125
2 0.62109375 0.60546875 0.034375 0.02890625
2 0.6578125 0.60703125 0.034375 0.0578125
2 0.69609375 0.60546875 0.0421875 0.03828125
2 0.67890625 0.690625 0.06640625 0.053125
2 0.74921875 0.60703125 0.03984375 0.03125
2 0.8 0.63671875 0.03671875 0.0421875
2 0.88828125 0.6125 0.046875 0.0421875
2 0.8796875 0.68203125 0.07890625 0.04453125
2 0.81796875 0.6984375 0.07890625 0.02890625
2 0.803125 0.7375 0.103125 0.053125
2 0.55625 0.88203125 0.03203125 0.02265625
2 0.85 0.6359375 0.04921875 0.0484375
2 0.5765625 0.8578125 0.04921875 0.03125
2 0.63359375 0.84609375 0.0640625 0.03515625
2 0.6484375 0.878125 0.0640625 0.02890625
2 0.653125 0.91484375 0.08828125 0.0359375
2 0.59375 0.903125 0.07890625 0.0375
2 0.59140625 0.94375 0.06875 0.03984375