3 0.52265625 0.87421875 0.01953125 0.03359375
3 0.546875 0.8953125 0.0296875 0.0265625
3 0.484375 0.86171875 0.02734375 0.03984375
3 0.5953125 0.81328125 0.03671875 0.03125
3 0.56796875 0.8453125 0.03203125 0.02421875
3 0.58046875 0.86953125 0.03671875 0.03359375
3 0.64296875 0.8515625 0.034375 0.0375
3 0.68359375 0.81953125 0.06640625 0.03515625
3 0.42265625 0.82421875 0.03671875 0.03984375
3 0.46875 0.8265625 0.04453125 0.04453125
3 0.36875 0.821875 0.06171875 0.04453125
3 0.3390625 0.89765625 0.046875 0.03125
3 0.33671875 0.86171875 0.021875 0.0265625
3 0.3796875 0.86875 0.04453125 0.04453125