3 0.60859375 0.29296875 0.034375 0.0328125
3 0.659375 0.2484375 0.0203125 0.04609375
3 0.4859375 0.153125 0.021875 0.04375
3 0.696875 0.53359375 0.0171875 0.040625
3 0.6796875 0.60078125 0.0234375 0.0484375
3 0.6484375 0.628125 0.02890625 0.04609375
3 0.53515625 0.70390625 0.021875 0.0453125
3 0.52265625 0.75234375 0.0203125 0.040625
3 0.60859375 0.69140625 0.0234375 0.040625
3 0.61015625 0.73203125 0.040625 0.02578125
3 0.625 0.78671875 0.0390625 0.028125
3 0.5546875 0.7859375 0.0203125 0.02578125
3 0.5640625 0.81484375 0.0390625 0.0328125