2 0.6453125 0.30859375 0.06484375 0.03359375
2 0.534375 0.31953125 0.0453125 0.04609375
2 0.4703125 0.2828125 0.0359375 0.03515625
2 0.33203125 0.22578125 0.06484375 0.05078125
2 0.69921875 0.24296875 0.053125 0.0265625
2 0.69453125 0.2734375 0.0390625 0.03515625
2 0.49296875 0.584375 0.053125 0.0265625
2 0.6359375 0.57734375 0.05546875 0.03984375
2 0.665625 0.6453125 0.059375 0.05546875
2 0.72421875 0.615625 0.059375 0.03125
2 0.86796875 0.58515625 0.059375 0.04609375
2 0.7078125 0.66953125 0.053125 0.0375
2 0.67578125 0.69296875 0.0453125 0.03984375
2 0.603125 0.68203125 0.0484375 0.0265625
2 0.80625 0.715625 0.053125 0.03515625
2 0.4828125 0.6796875 0.05703125 0.04453125
2 0.5484375 0.740625 0.05 0.05078125
2 0.484375 0.7484375 0.059375 0.03984375
2 0.5609375 0.84921875 0.0546875 0.028125
2 0.65546875 0.8703125 0.0671875 0.0484375
2 0.571875 0.7046875 0.053125 0.03515625
2 0.4609375 0.13203125 0.0390625 0.04921875
2 0.4171875 0.165625 0.04296875 0.05703125
2 0.51875 0.109375 0.0484375 0.04453125