1 0.81171875 0.47578125 0.02578125 0.0359375
1 0.671875 0.4390625 0.04765625 0.028125
1 0.68203125 0.47265625 0.05625 0.03828125
1 0.6109375 0.45625 0.02734375 0.03984375
1 0.6875 0.53984375 0.05078125 0.04453125
1 0.7109375 0.5875 0.0625 0.03828125
1 0.70078125 0.721875 0.05390625 0.03515625
1 0.73828125 0.75078125 0.06796875 0.0140625
1 0.60234375 0.68984375 0.03359375 0.0421875
1 0.5890625 0.6203125 0.07109375 0.0578125
1 0.5453125 0.5734375 0.02734375 0.04453125
1 0.60078125 0.56796875 0.06484375 0.046875
1 0.46171875 0.6109375 0.0359375 0.03046875
1 0.5171875 0.62265625 0.03515625 0.02421875
1 0.496875 0.65078125 0.040625 0.04453125
1 0.390625 0.6640625 0.04765625 0.02578125
1 0.47734375 0.71640625 0.0453125 0.03671875
1 0.51015625 0.72578125 0.03203125 0.05078125
1 0.56953125 0.73671875 0.04921875 0.03828125
1 0.37421875 0.62265625 0.02578125 0.02421875
1 0.4125 0.59296875 0.05625 0.06640625
1 0.43046875 0.55546875 0.04921875 0.03046875
1 0.4890625 0.57578125 0.07421875 0.053125
1 0.45703125 0.52265625 0.02734375 0.03125
1 0.5171875 0.51328125 0.03515625 0.03984375
1 0.44296875 0.459375 0.05078125 0.046875
1 0.47578125 0.484375 0.04765625 0.03984375
1 0.3640625 0.4546875 0.04609375 0.0421875
1 0.39921875 0.484375 0.05390625 0.04921875
1 0.4359375 0.37890625 0.04375 0.0421875
1 0.521875 0.33046875 0.02578125 0.0453125
1 0.5828125 0.28671875 0.04609375 0.03515625
1 0.67890625 0.31796875 0.0453125 0.02734375
1 0.70234375 0.28125 0.05078125 0.0453125
1 0.73515625 0.23515625 0.05078125 0.03828125
1 0.73515625 0.190625 0.05078125 0.05546875
1 0.34765625 0.57109375 0.0609375 0.04453125
1 0.2921875 0.61484375 0.05625 0.03515625
1 0.4125 0.7046875 0.05078125 0.0421875
1 0.5515625 0.671875 0.0625 0.04140625
1 0.4359375 0.659375 0.0375 0.04453125
1 0.875 0.4421875 0.0578125 0.053125
1 0.7921875 0.64375 0.07109375 0.06171875
1 0.71640625 0.7828125 0.0796875 0.05546875
1 0.69921875 0.6453125 0.08515625 0.06015625
1 0.8 0.41953125 0.04921875 0.0328125
1 0.8453125 0.49453125 0.05234375 0.04375
1 0.8890625 0.50625 0.05390625 0.0359375
1 0.56953125 0.49140625 0.06640625 0.0390625
1 0.803125 0.69296875 0.0578125 0.03984375
1 0.3609375 0.68359375 0.0578125 0.03671875
1 0.6578125 0.6171875 0.0578125 0.04140625
1 0.28671875 0.54375 0.04921875 0.03671875
1 0.31484375 0.4625 0.04609375 0.03125
1 0.37265625 0.365625 0.04609375 0.02734375
1 0.49765625 0.371875 0.05390625 0.0328125
1 0.4765625 0.33828125 0.04921875 0.03515625
1 0.34765625 0.63671875 0.03203125 0.02421875
1 0.33203125 0.653125 0.040625 0.02421875
1 0.27265625 0.67734375 0.03203125 0.028125
1 0.30625 0.67421875 0.0453125 0.03359375
1 0.4140625 0.75078125 0.0453125 0.02578125
1 0.61484375 0.53984375 0.0421875 0.0359375
1 0.709375 0.38828125 0.0359375 0.02734375
1 0.796875 0.50390625 0.040625 0.0296875