1 0.6109375 0.22578125 0.0390625 0.04140625
1 0.56953125 0.2453125 0.04921875 0.04921875
1 0.56953125 0.27734375 0.0609375 0.0453125
1 0.58125 0.30234375 0.04921875 0.04921875
1 0.49453125 0.33828125 0.03515625 0.03046875
1 0.46484375 0.34921875 0.0359375 0.03125
1 0.5875 0.35390625 0.0796875 0.0359375
1 0.5765625 0.37734375 0.0640625 0.028125
1 0.54296875 0.38515625 0.03359375 0.02578125
1 0.5328125 0.41015625 0.05390625 0.03359375
1 0.528125 0.44921875 0.03359375 0.03046875
1 0.57421875 0.44375 0.0578125 0.04140625
1 0.46875 0.45234375 0.0453125 0.0328125
1 0.465625 0.49453125 0.0390625 0.0328125
1 0.51015625 0.4765625 0.0375 0.0296875
1 0.51171875 0.51875 0.040625 0.025
1 0.503125 0.5421875 0.05234375 0.03125
1 0.61953125 0.45625 0.05078125 0.0359375
1 0.6578125 0.47578125 0.0375 0.0359375
1 0.70078125 0.49765625 0.05390625 0.0390625
1 0.81953125 0.57109375 0.05390625 0.04453125
1 0.771875 0.57890625 0.0359375 0.03828125
1 0.73515625 0.57421875 0.03203125 0.025
1 0.71015625 0.5671875 0.040625 0.0359375
1 0.7328125 0.63203125 0.06796875 0.03828125
1 0.659375 0.59609375 0.04609375 0.03359375
1 0.65625 0.57265625 0.040625 0.0296875
1 0.61640625 0.54765625 0.05078125 0.0421875
1 0.6265625 0.684375 0.0765625 0.04453125
1 0.6921875 0.66171875 0.05390625 0.03515625
1 0.73515625 0.70703125 0.0625 0.03828125
1 0.73046875 0.75078125 0.040625 0.03125
1 0.6125 0.58203125 0.08828125 0.03984375
1 0.728125 0.22421875 0.0421875 0.028125
1 0.82734375 0.72421875 0.03515625 0.03515625
1 0.86328125 0.73125 0.03359375 0.02734375
1 0.52578125 0.590625 0.04609375 0.03828125
1 0.54453125 0.56015625 0.0421875 0.03359375
1 0.5578125 0.51875 0.04375 0.0359375
1 0.55 0.47578125 0.0453125 0.02421875
1 0.73984375 0.48828125 0.0390625 0.0359375
1 0.5875 0.62421875 0.05390625 0.02578125
1 0.48671875 0.39140625 0.0375 0.0328125
1 0.53359375 0.35859375 0.0375 0.02421875
1 0.49609375 0.28515625 0.05078125 0.0328125
1 0.53125 0.23515625 0.03046875 0.02734375
1 0.665625 0.28984375 0.05625 0.03515625
1 0.6734375 0.26171875 0.04765625 0.028125
1 0.6921875 0.22890625 0.0390625 0.02734375
1 0.91796875 0.14375 0.05078125 0.02734375
1 0.78828125 0.7171875 0.040625 0.0359375