2 0.571875 0.19453125 0.03984375 0.03515625
2 0.4078125 0.26953125 0.046875 0.03125
2 0.81328125 0.36171875 0.034375 0.02421875
2 0.7796875 0.47265625 0.03203125 0.02890625
2 0.80859375 0.5078125 0.025 0.02421875
2 0.8046875 0.5359375 0.046875 0.0265625
2 0.84765625 0.56328125 0.034375 0.02421875
2 0.77265625 0.58359375 0.03671875 0.02421875
2 0.7421875 0.565625 0.034375 0.03359375
2 0.721875 0.63984375 0.0296875 0.04453125
2 0.7515625 0.6375 0.0296875 0.0265625
2 0.7515625 0.67109375 0.034375 0.03125
2 0.78125 0.6546875 0.0390625 0.02890625
2 0.8171875 0.68671875 0.03671875 0.03125
2 0.8515625 0.6984375 0.03203125 0.02890625
2 0.6109375 0.66484375 0.059375 0.04921875
2 0.52265625 0.64375 0.034375 0.05546875
2 0.53828125 0.696875 0.03203125 0.02890625
2 0.58203125 0.72578125 0.0546875 0.03359375
2 0.60390625 0.76328125 0.0546875 0.0421875
2 0.63828125 0.71875 0.03984375 0.0203125
2 0.68671875 0.790625 0.04140625 0.04453125
2 0.634375 0.7984375 0.06171875 0.046875
2 0.665625 0.84296875 0.04921875 0.03359375
2 0.55859375 0.8625 0.046875 0.0375
2 0.49921875 0.95390625 0.06171875 0.03828125
2 0.6140625 0.92734375 0.04921875 0.0421875
2 0.675 0.9140625 0.01015625 0.00703125
2 0.6640625 0.89765625 0.04140625 0.03515625