1 0.6109375 0.21171875 0.01171875 0.01953125
1 0.58359375 0.1921875 0.06171875 0.05625
1 0.478125 0.43984375 0.03828125 0.0453125
1 0.51484375 0.459375 0.0421875 0.0484375
1 0.48359375 0.37578125 0.0421875 0.0578125
1 0.453125 0.3328125 0.05546875 0.0453125
1 0.5578125 0.5078125 0.0203125 0.03046875
1 0.40546875 0.62109375 0.03359375 0.05078125
1 0.4234375 0.58828125 0.05 0.071875
1 0.6375 0.4640625 0.0453125 0.05390625
1 0.5921875 0.48359375 0.0484375 0.06171875
1 0.66015625 0.53671875 0.05390625 0.06640625
1 0.4046875 0.453125 0.0453125 0.04296875
1 0.42890625 0.4921875 0.05703125 0.059375
1 0.34375 0.49609375 0.03359375 0.046875
1 0.359375 0.53984375 0.03515625 0.06171875
1 0.56875 0.5546875 0.071875 0.03046875
1 0.56796875 0.59375 0.07734375 0.05390625
1 0.47265625 0.5875 0.04375 0.05625
1 0.5015625 0.62578125 0.0484375 0.05625
1 0.5359375 0.6515625 0.046875 0.04296875
1 0.640625 0.65546875 0.01875 0.021875
1 0.5828125 0.6875 0.03984375 0.046875
1 0.61875 0.7359375 0.0484375 0.05625
1 0.64140625 0.790625 0.03359375 0.046875
1 0.60859375 0.784375 0.028125 0.03828125
1 0.5796875 0.80234375 0.03984375 0.0453125
1 0.53828125 0.83203125 0.0453125 0.06484375
1 0.53203125 0.75078125 0.03515625 0.05078125
1 0.48515625 0.75234375 0.0421875 0.05390625
1 0.43359375 0.75234375 0.046875 0.06171875
1 0.421875 0.690625 0.04375 0.06640625
1 0.790625 0.67265625 0.06328125 0.02734375
1 0.76953125 0.6984375 0.06171875 0.0578125
1 0.82265625 0.70546875 0.03359375 0.04296875
1 0.71953125 0.7984375 0.05546875 0.08828125
1 0.515625 0.53671875 0.03984375 0.0453125
1 0.478125 0.48125 0.03515625 0.03828125
1 0.3484375 0.43203125 0.03046875 0.034375
1 0.33671875 0.778125 0.03984375 0.0328125
1 0.403125 0.76953125 0.03828125 0.04140625
1 0.4375 0.7953125 0.04375 0.0484375
1 0.4640625 0.88984375 0.046875 0.03984375
1 0.4703125 0.8453125 0.03671875 0.034375
1 0.5046875 0.84140625 0.03515625 0.04296875
1 0.771875 0.76640625 0.03671875 0.0453125
1 0.8015625 0.63984375 0.03828125 0.034375
1 0.68359375 0.25078125 0.03984375 0.03984375
1 0.628125 0.19765625 0.0234375 0.034375
1 0.65 0.2 0.0203125 0.02890625
1 0.671875 0.20546875 0.0234375 0.04296875
1 0.6734375 0.15234375 0.03984375 0.034375
1 0.61875 0.32421875 0.028125 0.03046875
1 0.67890625 0.303125 0.028125 0.0328125
1 0.7234375 0.39921875 0.046875 0.046875
1 0.37421875 0.7828125 0.03515625 0.04140625
1 0.50390625 0.79609375 0.03984375 0.0359375
1 0.56171875 0.72109375 0.03828125 0.0453125
1 0.67734375 0.68515625 0.03828125 0.03828125
1 0.84921875 0.65 0.03359375 0.0328125
1 0.2890625 0.790625 0.03828125 0.02890625
1 0.234375 0.80234375 0.0234375 0.02734375
1 0.26640625 0.8234375 0.03046875 0.025
1 0.28125 0.90078125 0.0265625 0.02890625
1 0.35859375 0.9484375 0.03359375 0.03046875