2 0.45625 0.54453125 0.034375 0.03984375
2 0.490625 0.909375 0.04921875 0.0421875
2 0.59921875 0.16796875 0.0296875 0.03984375
2 0.5140625 0.10234375 0.0515625 0.0375
2 0.5421875 0.23203125 0.0546875 0.053125
2 0.071875 0.45390625 0.04453125 0.04921875
2 0.26015625 0.6578125 0.04140625 0.04453125
2 0.296875 0.62421875 0.07109375 0.053125
2 0.37890625 0.6421875 0.07109375 0.04453125
2 0.36875 0.5625 0.03671875 0.03984375
2 0.5328125 0.5484375 0.04921875 0.06015625
2 0.59296875 0.51953125 0.05625 0.05546875
2 0.18046875 0.77109375 0.0546875 0.053125
2 0.20234375 0.8578125 0.059375 0.0578125
2 0.5328125 0.65859375 0.059375 0.0375
2 0.36484375 0.17421875 0.059375 0.0484375
2 0.4671875 0.16484375 0.04140625 0.0515625
2 0.2625 0.56953125 0.04140625 0.0484375
2 0.14765625 0.79296875 0.0640625 0.0421875
2 0.36171875 0.6828125 0.05078125 0.040625
2 0.63515625 0.57421875 0.0359375 0.0390625