2 0.275 0.653125 0.0125 0.03515625
2 0.37578125 0.83828125 0.0421875 0.0328125
2 0.44765625 0.83671875 0.02734375 0.02890625
2 0.540625 0.69765625 0.021875 0.0265625
2 0.59296875 0.69765625 0.03203125 0.0265625
2 0.67734375 0.68125 0.0390625 0.0375
2 0.753125 0.703125 0.03203125 0.02890625
2 0.753125 0.746875 0.046875 0.0484375
2 0.69375 0.62890625 0.03671875 0.021875
2 0.67421875 0.5359375 0.04140625 0.03515625
2 0.85234375 0.53359375 0.03984375 0.0359375
2 0.79375 0.5046875 0.034375 0.03984375
2 0.80703125 0.45703125 0.03671875 0.02421875
2 0.69140625 0.33984375 0.0515625 0.05078125
2 0.69375 0.28828125 0.046875 0.03828125
2 0.5140625 0.26640625 0.046875 0.05078125
2 0.47734375 0.31640625 0.0421875 0.03125
2 0.671875 0.7984375 0.03671875 0.02890625
2 0.66640625 0.753125 0.0515625 0.0484375
2 0.421875 0.92734375 0.034375 0.0515625
2 0.56328125 0.73125 0.03203125 0.03125