1 0.63828125 0.1875 0.03984375 0.03515625
1 0.55859375 0.11328125 0.03671875 0.02890625
1 0.40859375 0.1546875 0.03671875 0.0265625
1 0.759375 0.2953125 0.04453125 0.0421875
1 0.71328125 0.715625 0.046875 0.0265625
1 0.6421875 0.77578125 0.03671875 0.03984375
1 0.58046875 0.76796875 0.0421875 0.02890625
1 0.54140625 0.9203125 0.04140625 0.03359375
1 0.4921875 0.94296875 0.046875 0.0375
1 0.43125 0.93046875 0.059375 0.0578125
1 0.5703125 0.9671875 0.03203125 0.02421875
1 0.640625 0.81875 0.04453125 0.05078125
1 0.6859375 0.8484375 0.03671875 0.03125
1 0.35 0.9015625 0.0390625 0.03125
1 0.67421875 0.74140625 0.03671875 0.0421875
1 0.68125 0.80078125 0.04140625 0.0203125
1 0.82578125 0.71796875 0.034375 0.03984375
1 0.71328125 0.8703125 0.05625 0.021875
1 0.67890625 0.9015625 0.0171875 0.04453125
1 0.64296875 0.85625 0.02421875 0.02890625
1 0.640625 0.90078125 0.04453125 0.03828125
1 0.52265625 0.8828125 0.025 0.0203125
1 0.56328125 0.88984375 0.05625 0.05078125
1 0.571875 0.92421875 0.01953125 0.0265625
1 0.6125 0.94375 0.02734375 0.03125
1 0.43515625 0.7453125 0.046875 0.02890625
1 0.26640625 0.76328125 0.034375 0.03359375
1 0.2828125 0.79375 0.03203125 0.03359375
1 0.5421875 0.3140625 0.03984375 0.0265625
1 0.6140625 0.31171875 0.0390625 0.03984375
1 0.65234375 0.33828125 0.04140625 0.0578125
1 0.69140625 0.3859375 0.0515625 0.05078125
1 0.70859375 0.34375 0.05625 0.0375
1 0.6890625 0.28671875 0.0421875 0.05078125
1 0.67265625 0.2390625 0.0296875 0.03125
1 0.715625 0.21953125 0.046875 0.05078125
1 0.72109375 0.271875 0.06640625 0.03984375
1 0.6484375 0.2296875 0.059375 0.0578125