2 0.65703125 0.4953125 0.02578125 0.02578125
2 0.63046875 0.54140625 0.0234375 0.0359375
2 0.6484375 0.578125 0.0390625 0.053125
2 0.609375 0.58828125 0.0359375 0.05390625
2 0.6125 0.61875 0.03203125 0.0328125
2 0.53046875 0.63203125 0.0203125 0.0328125
2 0.5765625 0.61640625 0.02734375 0.0328125
2 0.5015625 0.659375 0.03203125 0.04375
2 0.52109375 0.6828125 0.021875 0.04296875
2 0.5421875 0.7375 0.0203125 0.05078125
2 0.5671875 0.68984375 0.01875 0.03828125
2 0.596875 0.69296875 0.02734375 0.03828125
2 0.5859375 0.75546875 0.02890625 0.03515625
2 0.61640625 0.7296875 0.02890625 0.05078125
2 0.63515625 0.6828125 0.02890625 0.04296875
2 0.5734375 0.84921875 0.0234375 0.04609375
2 0.6109375 0.6546875 0.025 0.0484375
2 0.67890625 0.51328125 0.0421875 0.04609375
2 0.66953125 0.55234375 0.03046875 0.0484375
2 0.3859375 0.19921875 0.028125 0.03515625
2 0.45390625 0.5609375 0.02421875 0.04296875