1 0.9046875 0.409375 0.0765625 0.0796875
1 0.671875 0.3796875 0.07109375 0.0703125
1 0.60390625 0.40078125 0.05390625 0.0359375
1 0.5546875 0.4265625 0.05078125 0.0359375
1 0.56484375 0.46171875 0.0234375 0.0421875
1 0.6265625 0.4671875 0.05390625 0.03984375
1 0.60078125 0.49140625 0.04765625 0.03515625
1 0.7125 0.51015625 0.07109375 0.0640625
1 0.64375 0.52421875 0.0546875 0.0359375
1 0.65078125 0.57265625 0.05234375 0.0421875
1 0.6890625 0.5578125 0.0421875 0.04375
1 0.55703125 0.57109375 0.05625 0.02734375
1 0.5640625 0.63515625 0.04921875 0.04453125
1 0.51953125 0.63671875 0.05078125 0.0421875
1 0.525 0.6046875 0.0390625 0.03515625
1 0.53984375 0.68671875 0.05625 0.06171875
1 0.4953125 0.71953125 0.0609375 0.04765625
1 0.5109375 0.76796875 0.0625 0.053125
1 0.43671875 0.7296875 0.07421875 0.06015625
1 0.3359375 0.64609375 0.03203125 0.03984375
1 0.37890625 0.6546875 0.04765625 0.0359375
1 0.41328125 0.67890625 0.03203125 0.03359375
1 0.38515625 0.6203125 0.025 0.03984375
1 0.40625 0.5984375 0.05625 0.0421875
1 0.46328125 0.63515625 0.03359375 0.053125
1 0.4453125 0.55546875 0.05625 0.03515625
1 0.528125 0.53984375 0.06796875 0.0703125
1 0.5 0.446875 0.05234375 0.03515625
1 0.46328125 0.5125 0.06796875 0.03828125
1 0.38359375 0.55234375 0.08515625 0.06953125
1 0.4484375 0.440625 0.0390625 0.05546875
1 0.40234375 0.415625 0.0765625 0.04453125
1 0.34921875 0.4234375 0.040625 0.06015625
1 0.36015625 0.3796875 0.0625 0.04453125
1 0.3421875 0.3046875 0.04375 0.03125
1 0.39765625 0.28203125 0.09140625 0.05546875
1 0.3078125 0.48203125 0.0421875 0.03125
1 0.39765625 0.4578125 0.05625 0.06171875
1 0.5203125 0.4078125 0.05234375 0.03828125
1 0.58359375 0.746875 0.0625 0.0390625
1 0.5796875 0.80859375 0.05234375 0.04140625
1 0.55625 0.8265625 0.05234375 0.03828125
1 0.51484375 0.83125 0.04765625 0.0453125
1 0.60546875 0.59375 0.0578125 0.0453125
1 0.4625 0.3671875 0.0546875 0.04140625
1 0.30625 0.428125 0.05625 0.0453125
1 0.34921875 0.3328125 0.04609375 0.03359375
1 0.39375 0.353125 0.0625 0.04765625
1 0.50546875 0.68515625 0.0609375 0.0453125
1 0.77421875 0.43828125 0.0609375 0.04921875
1 0.42421875 0.64375 0.05390625 0.0421875
1 0.7625 0.62734375 0.06953125 0.03359375
1 0.61953125 0.86015625 0.0625 0.0421875
1 0.834375 0.43515625 0.07421875 0.0671875
1 0.8 0.49453125 0.075 0.04375