3 0.22578125 0.6078125 0.03671875 0.05078125
3 0.11796875 0.5421875 0.02734375 0.04453125
3 0.05078125 0.5828125 0.04140625 0.0578125
3 0.078125 0.6296875 0.04140625 0.046875
3 0.25390625 0.73125 0.04453125 0.04453125
3 0.23359375 0.6578125 0.02734375 0.04921875
3 0.478125 0.83984375 0.04921875 0.04453125
3 0.50546875 0.9125 0.04921875 0.04921875
3 0.44609375 0.909375 0.034375 0.046875
3 0.44375 0.86953125 0.04921875 0.0421875
3 0.265625 0.85390625 0.06171875 0.02421875
3 0.32421875 0.878125 0.05703125 0.059375