1 0.44609375 0.14375 0.0625 0.0328125
1 0.46484375 0.09140625 0.059375 0.02421875
1 0.43515625 0.0234375 0.05078125 0.04609375
1 0.48125 0.05078125 0.0703125 0.053125
1 0.60703125 0.1046875 0.084375 0.0375
1 0.5703125 0.15390625 0.0734375 0.03515625
1 0.5453125 0.18125 0.05078125 0.02890625
1 0.6328125 0.17265625 0.06796875 0.05078125
1 0.64375 0.22421875 0.0625 0.053125
1 0.5921875 0.2140625 0.05390625 0.04140625
1 0.51015625 0.21875 0.05390625 0.0546875
1 0.46171875 0.25703125 0.05390625 0.03046875
1 0.4734375 0.29921875 0.0421875 0.0484375
1 0.55625 0.2859375 0.0453125 0.0484375
1 0.39375 0.1765625 0.03125 0.04140625
1 0.67109375 0.384375 0.05390625 0.0484375
1 0.43671875 0.39140625 0.06484375 0.03515625
1 0.2796875 0.49765625 0.03984375 0.0375
1 0.21328125 0.49765625 0.059375 0.05078125
1 0.503125 0.45078125 0.0734375 0.053125
1 0.603125 0.42421875 0.04765625 0.03984375
1 0.65234375 0.48359375 0.05625 0.053125
1 0.540625 0.4953125 0.059375 0.0546875
1 0.54921875 0.57265625 0.059375 0.04609375
1 0.4375 0.51171875 0.0625 0.03984375
1 0.425 0.4515625 0.05390625 0.0375
1 0.36171875 0.4953125 0.03359375 0.01953125
1 0.3953125 0.5375 0.05078125 0.05078125
1 0.38984375 0.57578125 0.05078125 0.04375
1 0.3234375 0.6265625 0.059375 0.04375
1 0.325 0.6546875 0.05078125 0.053125
1 0.43203125 0.62109375 0.0625 0.04609375
1 0.46640625 0.58359375 0.06796875 0.04140625
1 0.4375 0.6765625 0.0625 0.04375
1 0.5 0.69375 0.0453125 0.0328125
1 0.5703125 0.68671875 0.06796875 0.04140625
1 0.3359375 0.74609375 0.06796875 0.02890625
1 0.26875 0.7734375 0.06796875 0.05703125
1 0.33359375 0.446875 0.084375 0.059375
1 0.49453125 0.3859375 0.0625 0.0546875
1 0.56640625 0.3546875 0.06484375 0.0375
1 0.6328125 0.56796875 0.06796875 0.0765625
1 0.55390625 0.63984375 0.07890625 0.06171875
1 0.28828125 0.71640625 0.07890625 0.05703125
1 0.25859375 0.62421875 0.05390625 0.03984375
1 0.21875 0.86015625 0.0421875 0.0328125
1 0.39140625 0.76171875 0.04765625 0.05078125
1 0.36875 0.715625 0.05390625 0.04140625
1 0.46328125 0.71640625 0.03359375 0.03515625
1 0.46875 0.75625 0.03984375 0.03046875
1 0.46640625 0.7953125 0.05078125 0.03515625
1 0.14140625 0.65390625 0.0453125 0.04140625
1 0.59296875 0.50625 0.05078125 0.0546875