3 0.4734375 0.28984375 0.059375 0.02265625
3 0.52890625 0.28125 0.02734375 0.0265625
3 0.56328125 0.2859375 0.02734375 0.03359375
3 0.5703125 0.40078125 0.03203125 0.03125
3 0.3125 0.6 0.03671875 0.03984375
3 0.24921875 0.69296875 0.034375 0.0265625
3 0.353125 0.7046875 0.059375 0.04453125
3 0.40078125 0.71328125 0.021875 0.0265625
3 0.4578125 0.67421875 0.03671875 0.02890625
3 0.42890625 0.62578125 0.04921875 0.02421875
3 0.3296875 0.75390625 0.02734375 0.03359375
3 0.1640625 0.64921875 0.03671875 0.03984375