1 0.8 0.303125 0.08671875 0.059375
1 0.5578125 0.12109375 0.03515625 0.04921875
1 0.428125 0.315625 0.06640625 0.0609375
1 0.39921875 0.2078125 0.05859375 0.06796875
1 0.32109375 0.19453125 0.0546875 0.059375
1 0.29296875 0.25546875 0.0796875 0.0625
1 0.7 0.4140625 0.06328125 0.07578125
1 0.63515625 0.4375 0.06640625 0.05234375
1 0.61640625 0.50546875 0.0734375 0.059375
1 0.48046875 0.5125 0.06171875 0.0625
1 0.5890625 0.359375 0.08515625 0.07734375
1 0.5328125 0.69296875 0.08515625 0.0671875
1 0.5859375 0.609375 0.071875 0.04140625
1 0.3234375 0.89453125 0.0203125 0.0625
1 0.61015625 0.703125 0.05703125 0.059375
1 0.3953125 0.40625 0.03984375 0.03984375
1 0.525 0.27734375 0.08984375 0.07265625
1 0.5109375 0.33515625 0.05859375 0.0640625
1 0.3546875 0.28359375 0.06015625 0.06796875
1 0.2375 0.18671875 0.071875 0.0640625
1 0.190625 0.2421875 0.0953125 0.053125
1 0.196875 0.30703125 0.1 0.07890625
1 0.16953125 0.4578125 0.08515625 0.07421875
1 0.31796875 0.39609375 0.0734375 0.03984375
1 0.30859375 0.46640625 0.053125 0.0625
1 0.4734375 0.4109375 0.05703125 0.0578125
1 0.3765625 0.52265625 0.08359375 0.0671875
1 0.38515625 0.56328125 0.06015625 0.05625
1 0.3671875 0.6296875 0.06484375 0.05078125
1 0.4421875 0.60390625 0.03828125 0.0671875
1 0.50390625 0.58046875 0.06484375 0.08203125
1 0.69453125 0.55546875 0.0546875 0.04453125
1 0.628125 0.60703125 0.05703125 0.0640625
1 0.2265625 0.57734375 0.05 0.07890625
1 0.303125 0.6265625 0.05 0.04296875
1 0.3484375 0.6875 0.06015625 0.0609375
1 0.46484375 0.6984375 0.06015625 0.05625
1 0.43828125 0.75703125 0.0765625 0.04296875
1 0.28359375 0.79609375 0.04296875 0.053125
1 0.3546875 0.81171875 0.06015625 0.04921875
1 0.46953125 0.87109375 0.08203125 0.034375
1 0.45234375 0.93046875 0.078125 0.0625
1 0.5625 0.83125 0.1046875 0.0609375
1 0.5921875 0.89375 0.0546875 0.0546875
1 0.659375 0.91953125 0.0546875 0.06796875
1 0.628125 0.2125 0.05703125 0.05625
1 0.17109375 0.0640625 0.071875 0.06796875
1 0.528125 0.2015625 0.06328125 0.0640625
1 0.73515625 0.3640625 0.0703125 0.059375
1 0.165625 0.18046875 0.06796875 0.04921875
1 0.3328125 0.15078125 0.06171875 0.04609375
1 0.58828125 0.77578125 0.0765625 0.03828125
1 0.234375 0.64453125 0.075 0.08359375
1 0.0875 0.25 0.05859375 0.04140625
1 0.809375 0.47734375 0.0484375 0.04609375
1 0.93828125 0.259375 0.046875 0.034375
1 0.93203125 0.3234375 0.03984375 0.06953125
1 0.88984375 0.3703125 0.046875 0.04453125
1 0.8953125 0.28046875 0.04296875 0.03828125
1 0.67734375 0.221875 0.0453125 0.04296875
1 0.61171875 0.271875 0.06640625 0.05078125
1 0.6359375 0.140625 0.06171875 0.0578125