1 0.02109375 0.51328125 0.03828125 0.0578125
1 0.13046875 0.528125 0.0515625 0.0640625
1 0.17578125 0.4640625 0.03828125 0.07109375
1 0.2703125 0.79140625 0.06328125 0.084375
1 0.178125 0.3609375 0.05703125 0.06875
1 0.23984375 0.32578125 0.03984375 0.0640625
1 0.2703125 0.36328125 0.046875 0.05546875
1 0.27734375 0.48203125 0.0453125 0.07109375
1 0.32265625 0.42578125 0.03515625 0.046875
1 0.34453125 0.4953125 0.0453125 0.084375
1 0.32265625 0.56015625 0.03515625 0.04921875
1 0.35390625 0.6109375 0.0546875 0.053125
1 0.33203125 0.6859375 0.03359375 0.06015625
1 0.46796875 0.6546875 0.06015625 0.05546875
1 0.51484375 0.68125 0.03671875 0.06015625
1 0.5609375 0.65 0.0484375 0.0734375
1 0.465625 0.73671875 0.0515625 0.0640625
1 0.53984375 0.76328125 0.053125 0.05546875
1 0.6453125 0.70546875 0.046875 0.08203125
1 0.76015625 0.77578125 0.046875 0.06640625
1 0.71328125 0.83359375 0.04296875 0.04921875
1 0.77421875 0.8578125 0.04140625 0.06640625
1 0.6296875 0.93359375 0.06015625 0.084375
1 0.58984375 0.921875 0.03671875 0.07109375
1 0.53984375 0.83984375 0.046875 0.07578125
1 0.65234375 0.384375 0.01796875 0.0578125
1 0.66953125 0.39765625 0.03828125 0.04453125
1 0.73203125 0.34453125 0.04296875 0.07578125
1 0.81328125 0.44921875 0.046875 0.07109375
1 0.75859375 0.5140625 0.05 0.06875
1 0.97109375 0.43125 0.03515625 0.06640625
1 0.9453125 0.2375 0.05 0.0625
1 0.9421875 0.18359375 0.06171875 0.078125
1 0.9125 0.6609375 0.0515625 0.078125
1 0.67578125 0.2453125 0.01171875 0.02890625
1 0.659375 0.2265625 0.03515625 0.07109375
1 0.47421875 0.31328125 0.04140625 0.053125
1 0.55390625 0.415625 0.0546875 0.0625
1 0.53671875 0.3296875 0.0265625 0.05078125
1 0.57890625 0.5265625 0.0546875 0.04921875
1 0.29296875 0.20078125 0.05 0.09140625
1 0.46640625 0.203125 0.05 0.06015625
1 0.79453125 0.08359375 0.01796875 0.0375
1 0.78671875 0.2109375 0.03359375 0.084375
1 0.31640625 0.95859375 0.06328125 0.0640625
1 0.421875 0.88203125 0.053125 0.06640625
1 0.125 0.32421875 0.05703125 0.0796875
1 0.2421875 0.54921875 0.06484375 0.10234375
1 0.38046875 0.2765625 0.05859375 0.08203125
1 0.2390625 0.1890625 0.0484375 0.0890625
1 0.50859375 0.04140625 0.1 0.0734375
1 0.55078125 0.12109375 0.0546875 0.0734375
1 0.62890625 0.03984375 0.06171875 0.07578125
1 0.578125 0.23671875 0.05 0.08203125
1 0.6140625 0.4109375 0.025 0.0625
1 0.82265625 0.36328125 0.06171875 0.06015625
1 0.69453125 0.50859375 0.03203125 0.053125