1 0.71171875 0.153125 0.04453125 0.05546875
1 0.46484375 0.2078125 0.0515625 0.06171875
1 0.44140625 0.34765625 0.0546875 0.0578125
1 0.38203125 0.39609375 0.025 0.03984375
1 0.4265625 0.40859375 0.04921875 0.046875
1 0.490625 0.403125 0.0296875 0.03125
1 0.37109375 0.43828125 0.0171875 0.03984375
1 0.37578125 0.47734375 0.0421875 0.03359375
1 0.42421875 0.4640625 0.0390625 0.02421875
1 0.42265625 0.496875 0.02734375 0.02890625
1 0.490625 0.4484375 0.03984375 0.02890625
1 0.525 0.4578125 0.0390625 0.03125
1 0.4921875 0.49375 0.0421875 0.04921875
1 0.48203125 0.53828125 0.046875 0.03984375
1 0.54140625 0.5046875 0.03203125 0.0359375
1 0.546875 0.54453125 0.0390625 0.0265625
1 0.5546875 0.5859375 0.04921875 0.0515625
1 0.49453125 0.590625 0.046875 0.0421875
1 0.4515625 0.70625 0.034375 0.053125
1 0.53125 0.65703125 0.03203125 0.02890625
1 0.509375 0.68671875 0.02734375 0.03984375
1 0.6234375 0.54921875 0.01484375 0.03515625
1 0.61484375 0.603125 0.05625 0.046875
1 0.66171875 0.49375 0.046875 0.06640625
1 0.42890625 0.23203125 0.03359375 0.0265625
1 0.47265625 0.2578125 0.03671875 0.02890625
1 0.6 0.165625 0.03984375 0.0296875
1 0.4140625 0.275 0.0390625 0.02890625
1 0.390625 0.509375 0.0296875 0.02265625
1 0.615625 0.47265625 0.03203125 0.025
1 0.58671875 0.46875 0.034375 0.03515625
1 0.6640625 0.6953125 0.03359375 0.02890625
1 0.66640625 0.728125 0.034375 0.0296875
1 0.5859375 0.64609375 0.03046875 0.025
1 0.48203125 0.70703125 0.04140625 0.040625
1 0.50859375 0.7375 0.0359375 0.03359375
1 0.503125 0.7625 0.04453125 0.0328125
1 0.59453125 0.75 0.03984375 0.03125
1 0.484375 0.67734375 0.0328125 0.02421875
1 0.46796875 0.66171875 0.034375 0.02109375
1 0.55078125 0.6203125 0.03671875 0.03125
1 0.63984375 0.64296875 0.034375 0.028125
1 0.70234375 0.63046875 0.03671875 0.02890625
1 0.66640625 0.61953125 0.0390625 0.0296875
1 0.7171875 0.5984375 0.0375 0.0328125
1 0.68515625 0.5921875 0.0359375 0.0328125
1 0.60234375 0.56171875 0.03203125 0.02734375
1 0.6359375 0.57109375 0.03984375 0.021875
1 0.52890625 0.10078125 0.03125 0.02890625
1 0.54765625 0.0796875 0.0296875 0.02578125
1 0.45390625 0.50078125 0.040625 0.0296875
1 0.58515625 0.52734375 0.0421875 0.02890625
1 0.69375 0.53125 0.0421875 0.02890625
1 0.709375 0.56171875 0.03125 0.03046875
1 0.48359375 0.61953125 0.03515625 0.0328125
1 0.6515625 0.54453125 0.0375 0.03046875
1 0.46796875 0.32734375 0.0328125 0.03359375
1 0.52578125 0.43828125 0.0390625 0.02890625
1 0.4484375 0.4578125 0.034375 0.03203125
1 0.5140625 0.534375 0.0359375 0.03828125
1 0.5421875 0.6796875 0.03046875 0.0296875
1 0.628125 0.7046875 0.0421875 0.03828125
1 0.58046875 0.69453125 0.0453125 0.04375