2 0.93828125 0.59453125 0.04453125 0.05078125
2 0.84375 0.721875 0.08125 0.03125
2 0.67890625 0.8296875 0.09140625 0.0640625
2 0.7 0.71875 0.0984375 0.05546875
2 0.7171875 0.66640625 0.0640625 0.01796875
2 0.7796875 0.59765625 0.06640625 0.04453125
2 0.559375 0.92578125 0.0546875 0.0359375
2 0.546875 0.7875 0.07890625 0.05078125
2 0.62734375 0.75 0.06640625 0.03828125
2 0.42421875 0.62109375 0.09375 0.0421875
2 0.546875 0.26875 0.059375 0.03359375
2 0.51640625 0.290625 0.0515625 0.03359375
2 0.56953125 0.12265625 0.0390625 0.0375
2 0.67421875 0.12578125 0.08125 0.053125
2 0.82890625 0.31328125 0.08125 0.03359375
2 0.90390625 0.35625 0.07421875 0.03984375
2 0.40234375 0.3015625 0.05390625 0.03359375
2 0.36640625 0.38828125 0.07109375 0.03828125
2 0.634375 0.91953125 0.05625 0.01796875
2 0.503125 0.87265625 0.0640625 0.0359375
2 0.878125 0.63984375 0.090625 0.084375
2 0.84375 0.6 0.09609375 0.053125