3 0.421875 0.29375 0.03984375 0.04921875
3 0.14375 0.76171875 0.03984375 0.0578125
3 0.17890625 0.8515625 0.046875 0.01953125
3 0.240625 0.9015625 0.0515625 0.04921875
3 0.28828125 0.8578125 0.0296875 0.0578125
3 0.37734375 0.8109375 0.059375 0.03125
3 0.409375 0.85859375 0.0390625 0.0328125
3 0.34296875 0.91171875 0.0390625 0.05078125
3 0.41640625 0.92578125 0.04921875 0.04453125
3 0.61484375 0.8875 0.03671875 0.0421875
3 0.5953125 0.940625 0.046875 0.0421875
3 0.553125 0.96484375 0.06171875 0.05078125