1 0.65703125 0.69296875 0.028125 0.05
1 0.6921875 0.690625 0.02265625 0.03828125
1 0.65703125 0.60390625 0.0390625 0.04765625
1 0.60859375 0.578125 0.0296875 0.05234375
1 0.6421875 0.534375 0.040625 0.05234375
1 0.66171875 0.471875 0.040625 0.04765625
1 0.64765625 0.409375 0.0296875 0.0421875
1 0.4921875 0.47421875 0.02265625 0.02421875
1 0.484375 0.5203125 0.05390625 0.0640625
1 0.52734375 0.3890625 0.034375 0.06171875
1 0.55078125 0.36796875 0.04921875 0.05234375
1 0.55859375 0.43515625 0.040625 0.06171875
1 0.51328125 0.25234375 0.040625 0.06796875
1 0.45390625 0.284375 0.03125 0.0640625
1 0.42578125 0.1953125 0.02734375 0.0421875
1 0.4578125 0.253125 0.0078125 0.0140625
1 0.40390625 0.72734375 0.04921875 0.05
1 0.44453125 0.7578125 0.04921875 0.05234375
1 0.4671875 0.803125 0.040625 0.0578125
1 0.49453125 0.784375 0.0296875 0.05625
1 0.50390625 0.8546875 0.0359375 0.03828125
1 0.43515625 0.6390625 0.02421875 0.0578125
1 0.7984375 0.7453125 0.04375 0.0421875
1 0.7453125 0.77890625 0.0296875 0.03828125
1 0.77578125 0.70078125 0.0375 0.05390625
1 0.58203125 0.52734375 0.02109375 0.02578125
1 0.50078125 0.6 0.0359375 0.03984375
1 0.5375 0.68828125 0.05859375 0.07578125
1 0.55390625 0.765625 0.0671875 0.1
1 0.79609375 0.584375 0.05390625 0.0640625
1 0.8015625 0.81171875 0.04921875 0.05234375
1 0.73359375 0.840625 0.05546875 0.065625
1 0.77265625 0.8578125 0.04375 0.04765625
1 0.63984375 0.821875 0.0359375 0.06796875
1 0.85625 0.71328125 0.0359375 0.04609375
1 0.59453125 0.70390625 0.040625 0.05234375
1 0.41171875 0.54921875 0.04921875 0.0421875
1 0.5578125 0.8578125 0.0359375 0.06015625
1 0.6390625 0.903125 0.0375 0.034375
1 0.90546875 0.64375 0.02734375 0.0359375
1 0.86875 0.63828125 0.03125 0.04375
1 0.94375 0.64375 0.034375 0.06015625
1 0.91796875 0.6921875 0.04375 0.04375
1 0.86015625 0.59296875 0.040625 0.05390625
1 0.76796875 0.66875 0.0453125 0.05
1 0.73203125 0.7296875 0.034375 0.04375
1 0.7046875 0.79765625 0.0296875 0.04375
1 0.80703125 0.88515625 0.028125 0.03828125
1 0.76171875 0.90703125 0.05078125 0.05
1 0.5625 0.63125 0.05078125 0.0578125
1 0.49296875 0.3 0.0296875 0.04375
1 0.4953125 0.69375 0.04375 0.04765625
1 0.48359375 0.58984375 0.0671875 0.0640625