1 0.54453125 0.71484375 0.059375 0.04375
1 0.4578125 0.6734375 0.0640625 0.0484375
1 0.4359375 0.7265625 0.0296875 0.05859375
1 0.428125 0.8171875 0.0640625 0.04375
1 0.42109375 0.86796875 0.04921875 0.0484375
1 0.43828125 0.91484375 0.04453125 0.04375
1 0.57421875 0.93671875 0.04921875 0.05859375
1 0.51015625 0.94140625 0.059375 0.0484375
1 0.3765625 0.9265625 0.04921875 0.0390625
1 0.5 0.8125 0.0296875 0.034375
1 0.5375 0.79296875 0.034375 0.04375
1 0.80234375 0.534375 0.04921875 0.06328125
1 0.7546875 0.55625 0.04453125 0.0484375
1 0.80703125 0.63203125 0.04921875 0.06328125
1 0.87109375 0.55625 0.03984375 0.0390625
1 0.82421875 0.74140625 0.0640625 0.0484375
1 0.821875 0.69296875 0.03984375 0.0390625
1 0.66796875 0.709375 0.059375 0.0828125
1 0.584375 0.74375 0.059375 0.05390625
1 0.56171875 0.84375 0.0640625 0.0390625
1 0.54453125 0.89296875 0.06953125 0.0484375
1 0.3734375 0.865625 0.034375 0.034375
1 0.3515625 0.790625 0.059375 0.06796875
1 0.2875 0.6828125 0.06953125 0.0484375
1 0.334375 0.70234375 0.0546875 0.0484375
1 0.27734375 0.43671875 0.06953125 0.0734375
1 0.29453125 0.1953125 0.0546875 0.0484375
1 0.903125 0.12421875 0.07421875 0.0734375
1 0.46796875 0.18046875 0.0546875 0.0484375
1 0.596875 0.065625 0.0546875 0.04375
1 0.70078125 0.134375 0.0546875 0.04375
1 0.7796875 0.13671875 0.04453125 0.05859375
1 0.33671875 0.3046875 0.04921875 0.05390625
1 0.2078125 0.6125 0.04921875 0.04375
1 0.18828125 0.5484375 0.04921875 0.04375
1 0.32890625 0.39296875 0.04453125 0.04375
1 0.37109375 0.3953125 0.03984375 0.0390625
1 0.309375 0.35625 0.04453125 0.0390625
1 0.3734375 0.19296875 0.0546875 0.04375
1 0.2671875 0.58046875 0.04921875 0.0484375
1 0.225 0.8390625 0.04453125 0.0484375
1 0.26484375 0.86796875 0.04453125 0.0390625
1 0.30234375 0.91953125 0.03984375 0.034375
1 0.3265625 0.94375 0.0296875 0.034375
1 0.4109375 0.98046875 0.0296875 0.02890625
1 0.29453125 0.9515625 0.04453125 0.0390625
1 0.31953125 0.8390625 0.034375 0.0390625
1 0.34140625 0.85859375 0.03984375 0.0390625
1 0.5125 0.74375 0.034375 0.034375
1 0.47734375 0.75625 0.04453125 0.0484375
1 0.39609375 0.71953125 0.04921875 0.05390625
1 0.2921875 0.790625 0.04921875 0.0484375
1 0.23046875 0.44609375 0.04453125 0.04375
1 0.19765625 0.47109375 0.03984375 0.04375
1 0.3765625 0.36328125 0.03984375 0.034375