1 0.690625 0.43828125 0.05625 0.0640625
1 0.5625 0.43125 0.04609375 0.03984375
1 0.48984375 0.34375 0.04921875 0.0421875
1 0.4046875 0.21796875 0.05390625 0.0578125
1 0.371875 0.26796875 0.05625 0.0421875
1 0.36484375 0.3375 0.059375 0.05078125
1 0.19765625 0.32578125 0.0765625 0.028125
1 0.2953125 0.25078125 0.05078125 0.05078125
1 0.290625 0.1515625 0.059375 0.053125
1 0.60234375 0.53125 0.0390625 0.0359375
1 0.64765625 0.55546875 0.040625 0.04375
1 0.6140625 0.62421875 0.03359375 0.0359375
1 0.6078125 0.7125 0.0453125 0.06171875
1 0.58671875 0.76328125 0.0203125 0.01953125
1 0.5765625 0.73515625 0.040625 0.03984375
1 0.4703125 0.69765625 0.059375 0.03984375
1 0.45546875 0.76171875 0.05390625 0.06171875
1 0.51796875 0.771875 0.0765625 0.06953125
1 0.3328125 0.63515625 0.05625 0.0578125
1 0.29609375 0.684375 0.0828125 0.08359375
1 0.64375 0.8375 0.0609375 0.04921875
1 0.61640625 0.4078125 0.05078125 0.046875
1 0.63671875 0.18671875 0.05625 0.05546875
1 0.61796875 0.25390625 0.09453125 0.0578125
1 0.628125 0.3359375 0.08515625 0.071875
1 0.7734375 0.3859375 0.06796875 0.09140625
1 0.35703125 0.3890625 0.06796875 0.04765625
1 0.13828125 0.134375 0.08515625 0.06171875
1 0.3109375 0.18828125 0.07109375 0.0421875
1 0.1671875 0.61484375 0.0625 0.0390625
1 0.5453125 0.5 0.0625 0.04765625
1 0.765625 0.83046875 0.04765625 0.08046875
1 0.71875 0.6109375 0.05234375 0.06328125
1 0.54296875 0.2359375 0.05078125 0.03515625
1 0.5640625 0.20703125 0.040625 0.02734375
1 0.6078125 0.15078125 0.04765625 0.03125
1 0.303125 0.05859375 0.040625 0.028125
1 0.38984375 0.6375 0.04375 0.0359375
1 0.3421875 0.4546875 0.040625 0.0453125
1 0.35 0.4921875 0.05625 0.03046875
1 0.38046875 0.4421875 0.0421875 0.03515625
1 0.1625 0.36484375 0.04375 0.028125
1 0.39296875 0.140625 0.04609375 0.0359375
1 0.25546875 0.0953125 0.05625 0.03515625
1 0.32578125 0.090625 0.04375 0.03125
1 0.48515625 0.23984375 0.05390625 0.05078125
1 0.46953125 0.29296875 0.0609375 0.03984375
1 0.1578125 0.56171875 0.04375 0.03515625
1 0.4828125 0.16171875 0.0640625 0.04765625
1 0.4765625 0.121875 0.0609375 0.04375
1 0.74296875 0.19765625 0.05625 0.046875
1 0.7296875 0.3171875 0.06796875 0.04375
1 0.378125 0.54375 0.04375 0.04375
1 0.51953125 0.56953125 0.05390625 0.0390625
1 0.23515625 0.38515625 0.05234375 0.04375
1 0.2515625 0.4828125 0.0625 0.0421875
1 0.36953125 0.5953125 0.04609375 0.03046875
1 0.36484375 0.72109375 0.040625 0.03828125