2 0.36875 0.28046875 0.06171875 0.0359375
2 0.47578125 0.10234375 0.0546875 0.0375
2 0.2046875 0.5171875 0.04921875 0.046875
2 0.18046875 0.57890625 0.0546875 0.06015625
2 0.184375 0.6359375 0.03203125 0.01328125
2 0.2046875 0.67109375 0.0390625 0.02265625
2 0.2078125 0.6921875 0.034375 0.03359375
2 0.2421875 0.71328125 0.0296875 0.0484375
2 0.265625 0.6890625 0.03203125 0.0359375
2 0.3 0.66484375 0.04140625 0.03984375
2 0.2703125 0.61875 0.04140625 0.0421875
2 0.30859375 0.53125 0.04453125 0.03125
2 0.45 0.57890625 0.046875 0.03359375
2 0.3328125 0.7 0.0546875 0.0265625
2 0.3234375 0.7453125 0.03984375 0.02890625
2 0.3515625 0.79609375 0.04140625 0.03828125
2 0.38828125 0.7765625 0.05625 0.0421875
2 0.40546875 0.715625 0.02734375 0.0359375
2 0.43671875 0.6703125 0.034375 0.046875
2 0.59140625 0.6765625 0.0390625 0.02421875
2 0.5328125 0.8953125 0.04453125 0.0265625
2 0.53125 0.93515625 0.03203125 0.03984375
2 0.5734375 0.9203125 0.0421875 0.0515625