1 0.5953125 0.41484375 0.0546875 0.03359375
1 0.3265625 0.48984375 0.0578125 0.03359375
1 0.52109375 0.40546875 0.0578125 0.0296875
1 0.5015625 0.36796875 0.0421875 0.0453125
1 0.47265625 0.31875 0.03515625 0.0375
1 0.40859375 0.27734375 0.04765625 0.05234375
1 0.4671875 0.21484375 0.05 0.05078125
1 0.3984375 0.215625 0.0421875 0.04140625
1 0.3484375 0.13671875 0.05234375 0.0375
1 0.24375 0.19453125 0.0625 0.046875
1 0.3234375 0.22109375 0.05234375 0.03359375
1 0.34609375 0.25625 0.04765625 0.0359375
1 0.17890625 0.24140625 0.0578125 0.03203125
1 0.21640625 0.290625 0.05234375 0.0484375
1 0.4625 0.46796875 0.06015625 0.0359375
1 0.47265625 0.515625 0.05 0.04140625
1 0.55390625 0.4609375 0.0625 0.04296875
1 0.5421875 0.4984375 0.0703125 0.028125
1 0.5453125 0.525 0.05 0.03359375
1 0.6953125 0.471875 0.0703125 0.05078125
1 0.64375 0.5671875 0.0625 0.046875
1 0.54375 0.596875 0.0578125 0.0484375
1 0.5078125 0.575 0.0546875 0.04296875
1 0.52734375 0.63046875 0.0796875 0.0484375
1 0.4578125 0.66640625 0.08515625 0.0265625
1 0.4109375 0.57109375 0.0578125 0.046875
1 0.4140625 0.5140625 0.0578125 0.0375
1 0.3109375 0.525 0.0328125 0.0296875
1 0.3640625 0.54765625 0.04765625 0.0375
1 0.2984375 0.57421875 0.07265625 0.04140625
1 0.2765625 0.61171875 0.0578125 0.04140625
1 0.31640625 0.63203125 0.04765625 0.0375
1 0.3703125 0.60234375 0.05 0.0375
1 0.375 0.62734375 0.06015625 0.0359375
1 0.3921875 0.65078125 0.05 0.0265625
1 0.3265625 0.66796875 0.0578125 0.04140625
1 0.35625 0.70546875 0.0625 0.0375
1 0.4171875 0.73359375 0.0703125 0.0453125
1 0.3546875 0.73984375 0.075 0.04296875
1 0.34765625 0.7796875 0.0796875 0.0390625
1 0.2890625 0.725 0.0578125 0.0359375
1 0.2765625 0.76640625 0.0671875 0.046875
1 0.48359375 0.69296875 0.0671875 0.046875
1 0.3984375 0.48515625 0.0421875 0.02421875
1 0.25859375 0.52421875 0.0375 0.04296875
1 0.22734375 0.7015625 0.03515625 0.0296875
1 0.28125 0.67421875 0.02734375 0.03203125
1 0.19765625 0.74140625 0.0296875 0.0265625
1 0.23125 0.74453125 0.0328125 0.0265625
1 0.63125 0.65390625 0.0375 0.028125
1 0.5078125 0.73671875 0.03515625 0.02421875
1 0.45 0.63203125 0.03984375 0.0296875
1 0.19140625 0.7703125 0.0375 0.028125
1 0.6765625 0.51953125 0.0375 0.0296875
1 0.2578125 0.8 0.03984375 0.03203125
1 0.4234375 0.60703125 0.0375 0.028125