0.0 0.238281 0.227344 0.033594 0.058594
0.0 0.146094 0.272656 0.062500 0.054688
0.0 0.321875 0.397656 0.046094 0.043750
0.0 0.314062 0.564844 0.054688 0.064844
0.0 0.420313 0.689844 0.054688 0.067188
0.0 0.619531 0.711719 0.054688 0.058594
0.0 0.555469 0.708594 0.043750 0.043750
0.0 0.792969 0.496875 0.042188 0.045313
0.0 0.848438 0.382812 0.043750 0.060938
0.0 0.806250 0.383594 0.027344 0.058594
0.0 0.767969 0.391406 0.025000 0.039062
0.0 0.759375 0.199219 0.042188 0.058594
0.0 0.189062 0.199219 0.048437 0.032813
0.0 0.463281 0.350000 0.048437 0.047656
0.0 0.259375 0.664844 0.050000 0.039062
0.0 0.641406 0.535937 0.052344 0.032812
0.0 0.636719 0.268750 0.056250 0.050000
0.0 0.519531 0.572656 0.048437 0.050000
0.0 0.655469 0.367188 0.060938 0.056250
0.0 0.178906 0.450000 0.052344 0.064844
