2 0.48125 0.2796875 0.03203125 0.04140625
2 0.47890625 0.33984375 0.04765625 0.03046875
2 0.55859375 0.44453125 0.04765625 0.03046875
2 0.471875 0.4171875 0.03359375 0.0296875
2 0.35390625 0.34609375 0.0546875 0.046875
2 0.43515625 0.4921875 0.040625 0.03671875
2 0.4515625 0.52734375 0.0453125 0.03828125
2 0.52421875 0.56015625 0.0421875 0.0390625
2 0.51796875 0.5984375 0.0421875 0.03359375
2 0.3734375 0.6296875 0.059375 0.03828125
2 0.26484375 0.6078125 0.0625 0.03671875
2 0.6375 0.54296875 0.04375 0.03828125
2 0.61796875 0.6375 0.0359375 0.0359375
2 0.6453125 0.76796875 0.03515625 0.04453125
2 0.5765625 0.85625 0.04609375 0.046875
2 0.47578125 0.76953125 0.0359375 0.0328125
2 0.53828125 0.39375 0.0421875 0.04375
2 0.29921875 0.55546875 0.0765625 0.04765625
2 0.48359375 0.725 0.0453125 0.04140625
2 0.40078125 0.73125 0.0453125 0.04453125
2 0.34453125 0.72890625 0.06796875 0.04453125
2 0.409375 0.84375 0.06796875 0.04921875
2 0.28984375 0.85625 0.040625 0.0296875
2 0.29921875 0.8984375 0.059375 0.046875
2 0.25546875 0.809375 0.06796875 0.03828125
2 0.471875 0.9265625 0.06796875 0.025