2 0.40625 0.62421875 0.01875 0.03828125
2 0.403125 0.67265625 0.0390625 0.04296875
2 0.42109375 0.69765625 0.03359375 0.0328125
2 0.4109375 0.7359375 0.0203125 0.0328125
2 0.40234375 0.79453125 0.03046875 0.03828125
2 0.4390625 0.65234375 0.0234375 0.03828125
2 0.465625 0.675 0.021875 0.0328125
2 0.5 0.6671875 0.034375 0.0484375
2 0.47578125 0.728125 0.03203125 0.03828125
2 0.509375 0.7796875 0.021875 0.0328125
2 0.60078125 0.859375 0.03203125 0.0359375
2 0.609375 0.90546875 0.03203125 0.040625
2 0.3765625 0.584375 0.0375 0.05078125
2 0.38125 0.63046875 0.0421875 0.040625