3 0.71796875 0.40390625 0.02734375 0.02421875
3 0.70703125 0.371875 0.04453125 0.03125
3 0.66171875 0.40859375 0.0515625 0.0421875
3 0.62578125 0.35625 0.034375 0.03125
3 0.55859375 0.40390625 0.03671875 0.02890625
3 0.5296875 0.4328125 0.04453125 0.0375
3 0.59765625 0.425 0.046875 0.03125
3 0.60625 0.46796875 0.034375 0.0421875
3 0.75546875 0.54140625 0.02734375 0.02421875
3 0.76015625 0.51015625 0.04140625 0.02421875
3 0.796875 0.475 0.03203125 0.0375
3 0.74921875 0.6015625 0.04921875 0.02890625
3 0.815625 0.59375 0.034375 0.0359375
3 0.6640625 0.58046875 0.06171875 0.03984375