2 0.375 0.3984375 0.040625 0.040625
2 0.353125 0.50703125 0.04453125 0.05859375
2 0.321875 0.45625 0.0359375 0.053125
2 0.32109375 0.60078125 0.04765625 0.06875
2 0.3828125 0.66171875 0.025 0.0484375
2 0.4 0.571875 0.021875 0.04609375
2 0.46640625 0.54765625 0.03046875 0.0484375
2 0.54921875 0.6546875 0.03046875 0.03828125
2 0.51015625 0.6390625 0.04375 0.05859375
2 0.471875 0.7 0.02734375 0.0484375
2 0.5125 0.66953125 0.0234375 0.03828125
2 0.5375 0.696875 0.034375 0.0453125
2 0.496875 0.7640625 0.02734375 0.053125
2 0.46171875 0.784375 0.02734375 0.0328125
2 0.51796875 0.7921875 0.025 0.04296875
2 0.409375 0.7171875 0.03359375 0.05546875
2 0.61796875 0.93984375 0.0453125 0.0640625
2 0.54609375 0.84921875 0.0234375 0.040625
2 0.5390625 0.93984375 0.03359375 0.05859375
2 0.50859375 0.16640625 0.03125 0.04296875
2 0.5515625 0.59609375 0.02421875 0.0390625