1 0.43203125 0.2703125 0.0703125 0.03359375
1 0.5140625 0.32109375 0.06171875 0.0296875
1 0.70703125 0.31796875 0.05859375 0.05703125
1 0.3546875 0.41015625 0.05 0.0546875
1 0.45859375 0.40546875 0.0515625 0.05078125
1 0.5265625 0.40390625 0.0703125 0.03515625
1 0.40234375 0.484375 0.0640625 0.0453125
1 0.265625 0.6296875 0.04453125 0.03359375
1 0.4109375 0.5359375 0.053125 0.04921875
1 0.55234375 0.5203125 0.0703125 0.05546875
1 0.60859375 0.471875 0.04140625 0.046875
1 0.853125 0.54296875 0.04453125 0.04140625
1 0.88515625 0.58984375 0.03984375 0.04140625
1 0.909375 0.66328125 0.05 0.0375
1 0.84453125 0.66171875 0.04140625 0.03984375
1 0.80234375 0.68359375 0.05 0.03984375
1 0.65625 0.471875 0.046875 0.053125
1 0.21796875 0.15234375 0.0671875 0.046875
1 0.1796875 0.16484375 0.0859375 0.04765625
1 0.2046875 0.2390625 0.0703125 0.0515625
1 0.28046875 0.44453125 0.09140625 0.05859375
1 0.590625 0.60625 0.07421875 0.03515625
1 0.4984375 0.8046875 0.096875 0.06484375
1 0.1515625 0.2296875 0.0828125 0.053125
1 0.2890625 0.20390625 0.09140625 0.05078125
1 0.390625 0.57890625 0.0640625 0.05078125
1 0.35078125 0.66171875 0.0671875 0.03984375
1 0.325 0.703125 0.0703125 0.05078125
1 0.3328125 0.84140625 0.103125 0.053125
1 0.34453125 0.921875 0.07265625 0.03984375
1 0.50625 0.71484375 0.046875 0.02734375
1 0.51015625 0.90234375 0.06171875 0.05546875
1 0.5890625 0.7125 0.0359375 0.05703125
1 0.64921875 0.68125 0.05703125 0.05546875
1 0.45546875 0.671875 0.065625 0.05078125
1 0.340625 0.50859375 0.06015625 0.03125
1 0.84765625 0.7203125 0.05703125 0.053125
1 0.45703125 0.7453125 0.0515625 0.03125
1 0.509375 0.7484375 0.053125 0.0375
1 0.24140625 0.55859375 0.06875 0.03984375
1 0.2890625 0.16484375 0.0640625 0.03203125
1 0.58046875 0.2671875 0.04296875 0.03515625
1 0.196875 0.728125 0.06875 0.03359375
1 0.715625 0.91171875 0.04140625 0.0296875
1 0.6421875 0.9109375 0.07734375 0.07265625
1 0.70859375 0.5625 0.0484375 0.03125
1 0.6140625 0.35 0.0828125 0.05078125
1 0.4265625 0.89921875 0.046875 0.0359375
1 0.46484375 0.9171875 0.05 0.0359375
1 0.71953125 0.46796875 0.0671875 0.046875
1 0.26171875 0.49375 0.04140625 0.0296875
1 0.3 0.50078125 0.04140625 0.046875
1 0.3046875 0.53515625 0.03984375 0.04296875
1 0.46953125 0.62421875 0.05 0.0453125
1 0.5109375 0.61875 0.046875 0.0453125
1 0.51640625 0.45390625 0.05703125 0.0390625
1 0.5046875 0.27265625 0.0640625 0.04375
1 0.78359375 0.534375 0.053125 0.04375