2 0.67734375 0.390625 0.05390625 0.03359375
2 0.4078125 0.240625 0.05625 0.04453125
2 0.69765625 0.3421875 0.04921875 0.02890625
2 0.7796875 0.521875 0.03671875 0.046875
2 0.725 0.471875 0.0296875 0.03984375
2 0.7328125 0.5359375 0.046875 0.04453125
2 0.659375 0.56328125 0.0515625 0.046875
2 0.7109375 0.57890625 0.03671875 0.02890625
2 0.7453125 0.59140625 0.03671875 0.02265625
2 0.746875 0.61484375 0.03984375 0.0421875
2 0.78515625 0.61328125 0.0421875 0.03984375
2 0.65546875 0.59140625 0.04921875 0.03984375
2 0.69609375 0.6046875 0.03671875 0.0265625
2 0.64921875 0.6375 0.0515625 0.04453125
2 0.69140625 0.72890625 0.04140625 0.03984375
2 0.69765625 0.684375 0.0546875 0.03984375
2 0.60390625 0.69765625 0.04453125 0.04453125
2 0.63359375 0.7234375 0.034375 0.03828125
2 0.51640625 0.65703125 0.02734375 0.03359375
2 0.4984375 0.67890625 0.0296875 0.0421875
2 0.5359375 0.72578125 0.046875 0.03359375
2 0.515625 0.75078125 0.04921875 0.04453125
2 0.57890625 0.77734375 0.04921875 0.04453125
2 0.55 0.80546875 0.03984375 0.0421875
2 0.6015625 0.834375 0.04453125 0.0421875
2 0.4578125 0.94296875 0.0515625 0.0375