2 0.82421875 0.22109375 0.05703125 0.02734375
2 0.9078125 0.23359375 0.034375 0.02734375
2 0.90703125 0.25859375 0.03203125 0.02421875
2 0.8328125 0.31875 0.04765625 0.034375
2 0.78984375 0.140625 0.05234375 0.0359375
2 0.84921875 0.0859375 0.04765625 0.04296875
2 0.48046875 0.590625 0.03828125 0.02578125
2 0.446875 0.596875 0.0296875 0.02578125
2 0.484375 0.62890625 0.02734375 0.040625
2 0.55 0.68515625 0.03671875 0.02421875
2 0.51796875 0.6953125 0.03203125 0.03046875
2 0.4953125 0.675 0.02734375 0.02734375
2 0.4421875 0.665625 0.034375 0.02890625
2 0.43046875 0.70078125 0.04765625 0.02890625
2 0.49296875 0.72734375 0.05 0.02421875
2 0.4203125 0.76015625 0.02734375 0.0375
2 0.58515625 0.81484375 0.04296875 0.0359375
2 0.5171875 0.8109375 0.04765625 0.034375
2 0.56953125 0.8453125 0.05703125 0.0375
2 0.39296875 0.60546875 0.040625 0.0359375
2 0.35703125 0.60390625 0.03203125 0.0359375
2 0.31484375 0.5796875 0.04296875 0.0359375
2 0.34296875 0.6296875 0.02265625 0.02890625
2 0.4046875 0.6359375 0.040625 0.01875
2 0.40078125 0.653125 0.05703125 0.02890625
2 0.36171875 0.66953125 0.040625 0.0375
2 0.66328125 0.4984375 0.03203125 0.03203125
2 0.47265625 0.52734375 0.040625 0.02890625
2 0.45078125 0.5546875 0.03828125 0.021875
2 0.5171875 0.625 0.0296875 0.0203125
2 0.52421875 0.6515625 0.03828125 0.02578125
2 0.68046875 0.6921875 0.04765625 0.0390625