2 0.353125 0.2765625 0.05859375 0.06484375
2 0.328125 0.16875 0.04921875 0.053125
2 0.39453125 0.0890625 0.08359375 0.0484375
2 0.39453125 0.1421875 0.034375 0.040625
2 0.271875 0.1828125 0.08359375 0.0484375
2 0.215625 0.2015625 0.05859375 0.06875
2 0.38515625 0.46328125 0.05390625 0.040625
2 0.37265625 0.49609375 0.0296875 0.05703125
2 0.32578125 0.471875 0.0734375 0.0484375
2 0.33125 0.5203125 0.05390625 0.05703125
2 0.20078125 0.51015625 0.06875 0.053125
2 0.1546875 0.5 0.0640625 0.05703125
2 0.23515625 0.55703125 0.06875 0.0484375
2 0.29140625 0.528125 0.0640625 0.040625
2 0.17890625 0.4046875 0.05390625 0.03671875
2 0.13984375 0.60546875 0.04375 0.0484375
2 0.1984375 0.66875 0.0734375 0.053125
2 0.38984375 0.55078125 0.05390625 0.03671875
2 0.48515625 0.58359375 0.0390625 0.053125
2 0.5390625 0.57734375 0.05859375 0.0484375
2 0.55859375 0.61796875 0.06875 0.06484375
2 0.28203125 0.67890625 0.0734375 0.040625
2 0.37734375 0.721875 0.05859375 0.03671875
2 0.37265625 0.68671875 0.04921875 0.0328125
2 0.36796875 0.803125 0.04921875 0.04453125
2 0.72578125 0.92109375 0.0390625 0.053125
2 0.7625 0.83359375 0.05390625 0.05703125
2 0.71796875 0.81484375 0.0640625 0.053125
2 0.66171875 0.91875 0.05859375 0.0484375
2 0.4875 0.76640625 0.0640625 0.0609375