2 0.1953125 0.16875 0.03984375 0.0375
2 0.315625 0.0703125 0.0296875 0.0359375
2 0.4625 0.09921875 0.0515625 0.03125
2 0.40078125 0.246875 0.04140625 0.0421875
2 0.1890625 0.2796875 0.05625 0.0421875
2 0.146875 0.334375 0.0171875 0.01328125
2 0.1125 0.35625 0.0421875 0.0578125
2 0.078125 0.2671875 0.04140625 0.04453125
2 0.08515625 0.41640625 0.04140625 0.03984375
2 0.10390625 0.49453125 0.03984375 0.02890625
2 0.09140625 0.5359375 0.034375 0.0265625
2 0.19609375 0.45625 0.05625 0.03984375
2 0.334375 0.69765625 0.0515625 0.0265625
2 0.24296875 0.71953125 0.046875 0.03125
2 0.26796875 0.76328125 0.04140625 0.046875
2 0.1640625 0.6703125 0.021875 0.03828125
2 0.2140625 0.63203125 0.02734375 0.0421875
2 0.2046875 0.58671875 0.04453125 0.04453125
2 0.16953125 0.58359375 0.046875 0.03359375
2 0.10234375 0.5765625 0.03671875 0.03359375
2 0.125 0.59140625 0.04140625 0.04921875
2 0.146875 0.609375 0.03671875 0.04453125
2 0.43359375 0.83984375 0.02890625 0.03984375
2 0.46953125 0.82734375 0.03671875 0.0421875
2 0.50625 0.85546875 0.03203125 0.03984375
2 0.52109375 0.3453125 0.03203125 0.0484375
2 0.57421875 0.353125 0.025 0.05078125
2 0.5546875 0.3109375 0.02421875 0.03359375
2 0.4078125 0.5859375 0.02734375 0.046875
2 0.553125 0.64453125 0.046875 0.03125
2 0.42265625 0.1109375 0.04140625 0.05546875