1 0.0921875 0.32578125 0.0625 0.046875
1 0.15 0.2859375 0.0765625 0.0328125
1 0.2046875 0.2828125 0.06640625 0.03046875
1 0.16015625 0.35703125 0.08515625 0.05859375
1 0.1046875 0.41015625 0.0609375 0.0421875
1 0.14609375 0.41171875 0.040625 0.03046875
1 0.12421875 0.55 0.1 0.06015625
1 0.1234375 0.48671875 0.06953125 0.0625
1 0.190625 0.528125 0.059375 0.03828125
1 0.1546875 0.6203125 0.00546875 0.0046875
1 0.203125 0.621875 0.05234375 0.0625
1 0.24296875 0.390625 0.07421875 0.046875
1 0.30234375 0.3328125 0.1 0.06875
1 0.315625 0.39140625 0.06640625 0.075
1 0.2921875 0.47109375 0.096875 0.040625
1 0.371875 0.51328125 0.08515625 0.053125
1 0.346875 0.571875 0.04765625 0.05
1 0.41875 0.584375 0.0609375 0.0390625
1 0.37578125 0.65546875 0.09453125 0.08828125
1 0.471875 0.65546875 0.05625 0.053125
1 0.6125 0.57890625 0.1 0.05
1 0.53671875 0.628125 0.06796875 0.053125
1 0.61796875 0.50546875 0.059375 0.0375
1 0.63828125 0.46640625 0.0765625 0.04921875
1 0.7015625 0.5 0.04921875 0.04765625
1 0.6453125 0.42421875 0.0796875 0.075
1 0.59453125 0.37578125 0.075 0.0625
1 0.496875 0.5890625 0.0578125 0.0578125
1 0.4515625 0.515625 0.05078125 0.04453125
1 0.48515625 0.50234375 0.07109375 0.03515625
1 0.546875 0.4578125 0.025 0.01875
1 0.48828125 0.39375 0.0171875 0.0140625
1 0.425 0.3671875 0.09140625 0.07109375
1 0.21875 0.11875 0.078125 0.04921875
1 0.07890625 0.03515625 0.0828125 0.06875
1 0.13671875 0.14375 0.06796875 0.0546875
1 0.3328125 0.16015625 0.0765625 0.05546875
1 0.37734375 0.17421875 0.07421875 0.053125
1 0.45703125 0.25625 0.09140625 0.053125
1 0.52265625 0.265625 0.06796875 0.06015625
1 0.21484375 0.2109375 0.13046875 0.07109375
1 0.2546875 0.60234375 0.04609375 0.04453125
1 0.0671875 0.16875 0.06484375 0.04453125
1 0.0265625 0.10234375 0.053125 0.0328125
1 0.10859375 0.60859375 0.0609375 0.03828125
1 0.0546875 0.57890625 0.07265625 0.0578125
1 0.23046875 0.7203125 0.04609375 0.040625
1 0.2265625 0.4390625 0.07109375 0.0421875
1 0.4671875 0.42265625 0.05078125 0.04375
1 0.32890625 0.26484375 0.0640625 0.046875
1 0.47421875 0.71171875 0.040625 0.0328125
1 0.29453125 0.778125 0.0578125 0.046875
1 0.30625 0.72890625 0.0828125 0.028125
1 0.41328125 0.7578125 0.0578125 0.0375
1 0.4046875 0.48984375 0.04921875 0.04140625
1 0.2140625 0.55703125 0.05078125 0.0296875
1 0.39609375 0.415625 0.0796875 0.046875
1 0.2796875 0.19140625 0.075 0.0546875
1 0.02578125 0.51015625 0.0515625 0.0515625