3 0.615625 0.3390625 0.0375 0.0328125
3 0.67421875 0.221875 0.0234375 0.0484375
3 0.68125 0.4046875 0.03359375 0.0328125
3 0.653125 0.65234375 0.0390625 0.053125
3 0.66953125 0.70390625 0.0234375 0.05078125
3 0.7203125 0.77578125 0.0234375 0.05625
3 0.5171875 0.91328125 0.03359375 0.040625
3 0.540625 0.94140625 0.0234375 0.0359375
3 0.6078125 0.92421875 0.03203125 0.04296875
3 0.5640625 0.75625 0.02890625 0.0640625
3 0.4921875 0.75625 0.03046875 0.02265625
3 0.53359375 0.77265625 0.02890625 0.03046875