2 0.4734375 0.21015625 0.04921875 0.04453125
2 0.559375 0.22578125 0.01484375 0.01328125
2 0.55234375 0.2078125 0.04921875 0.03984375
2 0.18046875 0.696875 0.04453125 0.0421875
2 0.26875 0.77421875 0.0390625 0.05078125
2 0.296875 0.77421875 0.04140625 0.0421875
2 0.33046875 0.76796875 0.034375 0.0375
2 0.35 0.7234375 0.04921875 0.046875
2 0.34453125 0.6859375 0.046875 0.03359375
2 0.41796875 0.72109375 0.0515625 0.046875
2 0.25078125 0.721875 0.05703125 0.03984375
2 0.27890625 0.68671875 0.0546875 0.0484375
2 0.2390625 0.825 0.034375 0.0375
2 0.28515625 0.81640625 0.046875 0.03828125
2 0.44609375 0.80546875 0.05390625 0.0421875
2 0.409375 0.85390625 0.05390625 0.02421875
2 0.4109375 0.8953125 0.046875 0.0265625
2 0.25703125 0.878125 0.059375 0.0421875
2 0.27421875 0.91484375 0.034375 0.02265625
2 0.2921875 0.94921875 0.05625 0.0421875
2 0.1890625 0.90703125 0.06171875 0.0421875