2 0.52109375 0.28671875 0.0421875 0.0375
2 0.715625 0.31875 0.06640625 0.0484375
2 0.77734375 0.3640625 0.0515625 0.03359375
2 0.815625 0.4375 0.04921875 0.0421875
2 0.87265625 0.53671875 0.0640625 0.02890625
2 0.8375 0.4671875 0.04453125 0.0359375
2 0.69140625 0.5921875 0.04140625 0.046875
2 0.62578125 0.5984375 0.059375 0.03984375
2 0.69296875 0.63359375 0.0640625 0.0484375
2 0.734375 0.64453125 0.04453125 0.0359375
2 0.78125 0.6546875 0.0640625 0.04609375
2 0.2828125 0.67265625 0.0515625 0.046875
2 0.5703125 0.7109375 0.06640625 0.03125
2 0.55 0.75546875 0.03984375 0.0359375
2 0.60234375 0.7609375 0.0515625 0.0421875
2 0.6359375 0.72109375 0.0640625 0.0421875
2 0.70234375 0.7953125 0.0546875 0.04453125
2 0.74453125 0.70234375 0.034375 0.0359375
2 0.565625 0.8796875 0.046875 0.0359375
2 0.64609375 0.9109375 0.01484375 0.01328125
2 0.48671875 0.84296875 0.06171875 0.0421875
2 0.4140625 0.89765625 0.03984375 0.04453125
2 0.42890625 0.940625 0.0640625 0.03359375
2 0.3625 0.8703125 0.04453125 0.053125
2 0.5390625 0.89921875 0.03671875 0.03125