2 0.83515625 0.378125 0.06171875 0.06171875
2 0.778125 0.30078125 0.06171875 0.03828125
2 0.75234375 0.3609375 0.09296875 0.065625
2 0.678125 0.34921875 0.04609375 0.05
2 0.61328125 0.36640625 0.0515625 0.03125
2 0.62109375 0.425 0.04609375 0.03125
2 0.5796875 0.409375 0.0359375 0.03125
2 0.58515625 0.4578125 0.04609375 0.02734375
2 0.5953125 0.4984375 0.05703125 0.04609375
2 0.528125 0.46875 0.04609375 0.034375
2 0.78125 0.52890625 0.0671875 0.03125
2 0.7734375 0.5734375 0.06171875 0.0421875
2 0.690625 0.51328125 0.03125 0.03125
2 0.64140625 0.53125 0.04609375 0.034375
2 0.675 0.56171875 0.03125 0.01953125
2 0.66484375 0.590625 0.0515625 0.05390625
2 0.575 0.5984375 0.05703125 0.03828125
2 0.53359375 0.63359375 0.05703125 0.03125
2 0.54140625 0.65859375 0.04140625 0.0421875
2 0.615625 0.61796875 0.04609375 0.03125
2 0.68828125 0.6640625 0.0671875 0.0234375
2 0.70859375 0.6953125 0.04609375 0.03828125
2 0.7578125 0.68515625 0.06171875 0.0578125
2 0.80703125 0.696875 0.05703125 0.034375
2 0.721875 0.746875 0.04140625 0.034375
2 0.66484375 0.73203125 0.04140625 0.02734375
2 0.51015625 0.74296875 0.06171875 0.05
2 0.48984375 0.70234375 0.0515625 0.03828125
2 0.62890625 0.7609375 0.03125 0.04609375
2 0.675 0.78203125 0.04140625 0.0578125
2 0.71171875 0.80078125 0.06171875 0.0578125
2 0.77578125 0.77578125 0.04609375 0.05390625