2 0.1890625 0.40546875 0.02734375 0.06640625
2 0.16328125 0.325 0.04453125 0.03515625
2 0.2453125 0.35625 0.046875 0.0578125
2 0.20234375 0.28125 0.04453125 0.03984375
2 0.14921875 0.52109375 0.046875 0.05078125
2 0.19296875 0.5078125 0.03984375 0.0421875
2 0.17578125 0.56015625 0.04921875 0.053125
2 0.1703125 0.61171875 0.059375 0.053125
2 0.23359375 0.546875 0.05625 0.04453125
2 0.275 0.56796875 0.046875 0.0421875
2 0.2390625 0.634375 0.034375 0.059375
2 0.27109375 0.62265625 0.034375 0.03984375
2 0.30859375 0.67578125 0.03984375 0.053125
2 0.34765625 0.659375 0.03984375 0.046875
2 0.403125 0.65546875 0.0515625 0.03984375
2 0.4140625 0.7078125 0.0546875 0.046875
2 0.3640625 0.71328125 0.03671875 0.0265625
2 0.3375 0.7296875 0.0546875 0.03828125
2 0.375 0.76015625 0.0546875 0.0265625
2 0.35859375 0.79765625 0.046875 0.04453125
2 0.41953125 0.83203125 0.04921875 0.03359375
2 0.43125 0.88203125 0.0296875 0.0359375
2 0.45234375 0.9109375 0.0125 0.021875
2 0.375 0.84296875 0.04921875 0.02421875
2 0.34765625 0.86875 0.034375 0.0359375
2 0.29140625 0.88515625 0.034375 0.03359375
2 0.23359375 0.86171875 0.0515625 0.03984375
2 0.21640625 0.80546875 0.046875 0.03359375
2 0.659375 0.56796875 0.03203125 0.046875
2 0.715625 0.58828125 0.0515625 0.05078125