1 0.20234375 0.55390625 0.06171875 0.0375
1 0.325 0.50546875 0.040625 0.0375
1 0.4046875 0.56484375 0.05625 0.0375
1 0.61015625 0.5859375 0.03828125 0.0359375
1 0.525 0.5734375 0.06171875 0.04765625
1 0.53203125 0.634375 0.06015625 0.03359375
1 0.5203125 0.740625 0.06015625 0.07265625
1 0.4640625 0.7390625 0.0640625 0.05234375
1 0.48203125 0.64140625 0.0828125 0.0453125
1 0.603125 0.7546875 0.06015625 0.03359375
1 0.65078125 0.6984375 0.0421875 0.0375
1 0.71171875 0.71484375 0.05625 0.0390625
1 0.7734375 0.6796875 0.0328125 0.04921875
1 0.83671875 0.66640625 0.0484375 0.0375
1 0.73359375 0.6140625 0.065625 0.06796875
1 0.65078125 0.5109375 0.06953125 0.06484375
1 0.67109375 0.56484375 0.07109375 0.04609375
1 0.7515625 0.5546875 0.05625 0.03359375
1 0.83515625 0.55 0.075 0.05078125
1 0.71171875 0.45234375 0.05625 0.04609375
1 0.778125 0.4421875 0.065625 0.040625
1 0.55078125 0.35078125 0.10234375 0.04609375
1 0.67578125 0.2734375 0.0734375 0.0421875
1 0.59140625 0.21484375 0.0484375 0.0421875
1 0.5078125 0.209375 0.06171875 0.0390625
1 0.5609375 0.24921875 0.05625 0.040625
1 0.61796875 0.3 0.11171875 0.03203125
1 0.4296875 0.28359375 0.09453125 0.0421875
1 0.38203125 0.3484375 0.065625 0.0421875
1 0.43984375 0.33515625 0.065625 0.0375
1 0.63984375 0.1734375 0.0640625 0.03359375
1 0.45859375 0.38125 0.040625 0.04375
1 0.378125 0.4 0.0578125 0.04375
1 0.425 0.43125 0.05 0.02734375
1 0.50859375 0.4421875 0.040625 0.02578125
1 0.52421875 0.47578125 0.05625 0.0421875
1 0.3859375 0.48359375 0.03828125 0.03359375
1 0.37265625 0.521875 0.05390625 0.040625
1 0.45546875 0.52109375 0.06953125 0.05078125
1 0.5765625 0.425 0.0828125 0.059375
1 0.653125 0.40625 0.07109375 0.07109375
1 0.7015625 0.37109375 0.090625 0.04375
1 0.60234375 0.48125 0.06171875 0.0546875
1 0.6109375 0.65078125 0.0671875 0.03203125
1 0.57109375 0.68828125 0.06171875 0.03515625
1 0.4015625 0.6796875 0.11171875 0.04375
1 0.4 0.61875 0.06953125 0.04609375
1 0.33203125 0.61796875 0.1 0.0421875
1 0.3140625 0.76875 0.0640625 0.06796875
1 0.40859375 0.75859375 0.0640625 0.0421875
1 0.43125 0.8 0.0484375 0.0546875
1 0.38671875 0.81796875 0.07109375 0.07421875
1 0.903125 0.59296875 0.05 0.04375