2 0.84296875 0.325 0.02890625 0.0609375
2 0.734375 0.3296875 0.04921875 0.03828125
2 0.68828125 0.27578125 0.02734375 0.04296875
2 0.6609375 0.21640625 0.05078125 0.1078125
2 0.63515625 0.12109375 0.03203125 0.0453125
2 0.35 0.1078125 0.040625 0.05
2 0.30859375 0.1359375 0.0625 0.09296875
2 0.4453125 0.0578125 0.04921875 0.08125
2 0.6796875 0.346875 0.0234375 0.03125
2 0.70546875 0.4015625 0.04921875 0.0359375
2 0.75703125 0.396875 0.02734375 0.05859375
2 0.7984375 0.37265625 0.04609375 0.05625
2 0.72578125 0.53125 0.02890625 0.03359375
2 0.68359375 0.5265625 0.02890625 0.03828125
2 0.66015625 0.5453125 0.02890625 0.0359375
2 0.53046875 0.60390625 0.040625 0.05859375
2 0.50625 0.54765625 0.02890625 0.03125
2 0.49375 0.50859375 0.03046875 0.065625
2 0.45625 0.53671875 0.02734375 0.04921875
2 0.52734375 0.48125 0.04765625 0.03828125
2 0.4390625 0.4171875 0.03359375 0.05
2 0.75390625 0.2578125 0.01640625 0.0296875
2 0.7640625 0.46953125 0.04375 0.04296875
2 0.6953125 0.471875 0.03515625 0.04765625
2 0.6859375 0.43671875 0.015625 0.040625
2 0.65 0.45859375 0.03203125 0.04765625
2 0.6078125 0.5 0.01875 0.05
2 0.5828125 0.50390625 0.0234375 0.0296875
2 0.61953125 0.540625 0.03515625 0.05
2 0.55078125 0.5453125 0.05390625 0.05859375
2 0.55625 0.43125 0.03359375 0.04296875
2 0.59921875 0.41328125 0.02578125 0.04296875
2 0.55546875 0.37421875 0.021875 0.0359375
2 0.528125 0.37265625 0.02890625 0.05234375
2 0.49765625 0.4046875 0.03203125 0.05234375
2 0.46953125 0.38203125 0.040625 0.065625
2 0.6109375 0.3046875 0.0390625 0.05625
2 0.61953125 0.35625 0.03515625 0.0546875