2 0.7734375 0.3421875 0.034375 0.0421875
2 0.8078125 0.35 0.059375 0.0625
2 0.8453125 0.375 0.0546875 0.0515625
2 0.884375 0.40390625 0.034375 0.0421875
2 0.84296875 0.44609375 0.04453125 0.046875
2 0.8671875 0.48125 0.025 0.046875
2 0.93046875 0.51015625 0.03671875 0.06875
2 0.86875 0.52890625 0.046875 0.0484375
2 0.85390625 0.721875 0.06640625 0.04453125
2 0.89609375 0.75546875 0.03671875 0.04453125
2 0.72109375 0.775 0.05625 0.03125
2 0.68359375 0.721875 0.05625 0.053125
2 0.68046875 0.31640625 0.0390625 0.04921875
2 0.92734375 0.59140625 0.06171875 0.06640625
2 0.52265625 0.76328125 0.040625 0.02890625
2 0.584375 0.94609375 0.0375 0.025
2 0.565625 0.96953125 0.03828125 0.03125
2 0.653125 0.7765625 0.02734375 0.03046875
2 0.878125 0.63359375 0.03984375 0.0390625
2 0.5296875 0.96640625 0.0296875 0.0328125
2 0.80859375 0.78359375 0.04765625 0.0390625