1 0.80390625 0.60390625 0.053125 0.02265625
1 0.775 0.67578125 0.046875 0.04921875
1 0.696875 0.67109375 0.04453125 0.03984375
1 0.6453125 0.68515625 0.0234375 0.02890625
1 0.69140625 0.73203125 0.04140625 0.028125
1 0.775 0.70859375 0.053125 0.02265625
1 0.60703125 0.6796875 0.046875 0.040625
1 0.57109375 0.71015625 0.04140625 0.03125
1 0.51484375 0.703125 0.034375 0.03359375
1 0.48828125 0.65390625 0.034375 0.04140625
1 0.5390625 0.6296875 0.046875 0.03828125
1 0.59765625 0.540625 0.034375 0.03359375
1 0.671875 0.55546875 0.059375 0.053125
1 0.515625 0.48359375 0.03203125 0.02890625
1 0.53046875 0.57109375 0.04453125 0.03125
1 0.51328125 0.36796875 0.0265625 0.04296875
1 0.484375 0.31484375 0.046875 0.046875
1 0.46875 0.4625 0.03203125 0.03515625
1 0.428125 0.49921875 0.05 0.0375
1 0.421875 0.528125 0.0265625 0.0375
1 0.4203125 0.553125 0.065625 0.02265625
1 0.46484375 0.57421875 0.02890625 0.05078125
1 0.41484375 0.57890625 0.034375 0.0375
1 0.47890625 0.54140625 0.046875 0.03828125
1 0.43984375 0.61640625 0.03203125 0.0375
1 0.60546875 0.59609375 0.04453125 0.03515625