1 0.1515625 0.1640625 0.05625 0.065625
1 0.14453125 0.10390625 0.07890625 0.04609375
1 0.159375 0.0328125 0.05625 0.065625
1 0.59765625 0.0671875 0.0484375 0.034375
1 0.70234375 0.140625 0.0484375 0.0578125
1 0.6609375 0.13515625 0.04140625 0.06953125
1 0.90234375 0.19140625 0.0375 0.05
1 0.86171875 0.16796875 0.05234375 0.0734375
1 0.8125 0.42109375 0.0453125 0.04609375
1 0.8296875 0.48671875 0.06328125 0.06171875
1 0.64453125 0.5078125 0.05234375 0.05
1 0.66484375 0.45 0.07109375 0.065625
1 0.44375 0.534375 0.07109375 0.0578125
1 0.4921875 0.484375 0.07890625 0.0578125
1 0.56015625 0.49453125 0.0484375 0.04609375
1 0.58984375 0.44765625 0.0859375 0.06171875
1 0.3671875 0.61953125 0.0453125 0.0578125
1 0.471875 0.63125 0.05234375 0.0578125
1 0.54296875 0.65859375 0.05234375 0.05
1 0.5453125 0.59453125 0.05625 0.04609375
1 0.64609375 0.55390625 0.05625 0.065625
1 0.47734375 0.70078125 0.0484375 0.05
1 0.44921875 0.73203125 0.075 0.05
1 0.5203125 0.71640625 0.05234375 0.05
1 0.63671875 0.72421875 0.06015625 0.034375
1 0.7 0.76484375 0.05234375 0.06171875
1 0.66484375 0.86875 0.07890625 0.04609375
1 0.63671875 0.8109375 0.0375 0.04609375
1 0.8203125 0.778125 0.0671875 0.05
1 0.46796875 0.828125 0.0671875 0.08125
1 0.3109375 0.79375 0.06015625 0.0734375
1 0.57265625 0.884375 0.05234375 0.05390625
1 0.73203125 0.0171875 0.0484375 0.034375
1 0.68203125 0.01953125 0.06015625 0.03828125
1 0.6703125 0.05625 0.05234375 0.034375
1 0.8765625 0.66953125 0.05234375 0.0578125
1 0.84609375 0.59296875 0.0453125 0.0578125
1 0.88046875 0.38203125 0.0453125 0.06953125
1 0.640625 0.9515625 0.0453125 0.0421875
1 0.60703125 0.96328125 0.0375 0.05
1 0.640625 0.67578125 0.05234375 0.04609375
1 0.78828125 0.5328125 0.05625 0.06171875
1 0.7625 0.5890625 0.07109375 0.065625
1 0.65390625 0.6296875 0.0484375 0.04609375
1 0.70234375 0.64453125 0.07109375 0.08515625
1 0.753125 0.778125 0.0453125 0.034375
1 0.73984375 0.8109375 0.04140625 0.03828125
1 0.696875 0.1875 0.0375 0.05
1 0.7078125 0.58125 0.0453125 0.05
1 0.74375 0.51953125 0.0484375 0.0578125
1 0.36484375 0.9109375 0.04140625 0.03828125
1 0.39921875 0.934375 0.05625 0.05390625
1 0.36328125 0.86484375 0.0296875 0.04609375
1 0.39140625 0.86328125 0.04140625 0.0421875
1 0.30546875 0.6640625 0.04140625 0.06171875
1 0.38046875 0.68515625 0.0484375 0.065625
1 0.42890625 0.65859375 0.0484375 0.05