3 0.84765625 0.44140625 0.046875 0.05546875
3 0.63984375 0.46015625 0.0359375 0.040625
3 0.63671875 0.390625 0.0234375 0.05546875
3 0.6015625 0.390625 0.01953125 0.05078125
3 0.53125 0.39921875 0.0375 0.0671875
3 0.56328125 0.3453125 0.05234375 0.06484375
3 0.4640625 0.3375 0.0390625 0.07421875
3 0.49921875 0.478125 0.0234375 0.053125
3 0.53203125 0.49296875 0.0359375 0.08203125
3 0.58046875 0.46875 0.03203125 0.0671875
3 0.603125 0.603125 0.0375 0.0578125
3 0.6296875 0.521875 0.04140625 0.053125
3 0.5265625 0.6890625 0.0359375 0.05546875
3 0.7 0.453125 0.034375 0.040625
3 0.43125 0.4796875 0.03046875 0.05546875
3 0.3734375 0.46875 0.0375 0.03359375
3 0.50703125 0.61171875 0.03203125 0.05078125
3 0.47578125 0.67578125 0.034375 0.0484375
3 0.41484375 0.3453125 0.0265625 0.0265625