1 0.25703125 0.83828125 0.05625 0.03125
1 0.2828125 0.88359375 0.0421875 0.0453125
1 0.37421875 0.8453125 0.0375 0.03125
1 0.3828125 0.80546875 0.0375 0.04140625
1 0.4390625 0.784375 0.046875 0.04140625
1 0.57734375 0.8 0.0609375 0.05234375
1 0.48828125 0.78125 0.0421875 0.0484375
1 0.5421875 0.8609375 0.065625 0.034375
1 0.13046875 0.503125 0.065625 0.04140625
1 0.11953125 0.55546875 0.0515625 0.0484375
1 0.54453125 0.65625 0.0234375 0.02109375
1 0.51640625 0.66484375 0.0515625 0.05234375
1 0.54453125 0.74453125 0.0609375 0.05234375
1 0.6171875 0.66328125 0.05625 0.06953125
1 0.26640625 0.58359375 0.1125 0.05546875
1 0.40859375 0.23125 0.0421875 0.03828125
1 0.4484375 0.19453125 0.084375 0.0484375
1 0.38046875 0.14765625 0.0796875 0.05234375
1 0.20546875 0.27265625 0.084375 0.0453125
1 0.27578125 0.1578125 0.05625 0.0453125
1 0.2265625 0.21171875 0.0515625 0.0625
1 0.43203125 0.609375 0.0796875 0.059375
1 0.40390625 0.65625 0.0890625 0.028125
1 0.42265625 0.6859375 0.0796875 0.0453125
1 0.4484375 0.72890625 0.084375 0.0484375
1 0.3625 0.715625 0.0890625 0.0484375
1 0.37421875 0.7671875 0.065625 0.05546875
1 0.25 0.684375 0.0890625 0.0484375
1 0.2640625 0.8125 0.0890625 0.034375
1 0.4671875 0.8875 0.084375 0.065625
1 0.5515625 0.33359375 0.075 0.0484375
1 0.45546875 0.30703125 0.0515625 0.03125
1 0.47890625 0.33515625 0.0421875 0.03125
1 0.28046875 0.26015625 0.05625 0.04140625
1 0.20546875 0.77109375 0.046875 0.034375
1 0.2359375 0.753125 0.0421875 0.034375
1 0.30390625 0.7515625 0.065625 0.03828125
1 0.36015625 0.88203125 0.046875 0.028125
1 0.40859375 0.89609375 0.0515625 0.028125
1 0.37578125 0.925 0.0421875 0.02421875
1 0.36953125 0.909375 0.0375 0.028125
1 0.334375 0.91640625 0.0328125 0.028125
1 0.34609375 0.94765625 0.046875 0.028125
1 0.3015625 0.9390625 0.0515625 0.03125
1 0.34375 0.63203125 0.0515625 0.034375
1 0.38046875 0.30234375 0.0515625 0.034375
1 0.41328125 0.29375 0.0515625 0.03828125
1 0.53515625 0.38203125 0.0515625 0.04140625
1 0.453125 0.140625 0.065625 0.03828125
1 0.14453125 0.703125 0.065625 0.03125
1 0.103125 0.684375 0.05625 0.034375
1 0.22421875 0.49296875 0.05625 0.028125
1 0.278125 0.64375 0.0421875 0.03125
1 0.36953125 0.60625 0.065625 0.0453125
1 0.1890625 0.859375 0.0515625 0.0453125
1 0.19609375 0.81953125 0.046875 0.028125
1 0.65625 0.72421875 0.0609375 0.05234375
1 0.184375 0.746875 0.0421875 0.028125
1 0.32734375 0.79375 0.046875 0.0453125
1 0.18203125 0.559375 0.065625 0.05546875
1 0.20078125 0.52265625 0.065625 0.03828125
1 0.51640625 0.26015625 0.0515625 0.04140625