3 0.32578125 0.70546875 0.0546875 0.05078125
3 0.11015625 0.49375 0.03671875 0.0359375
3 0.14921875 0.51171875 0.0421875 0.0359375
3 0.1421875 0.6375 0.0421875 0.03125
3 0.12734375 0.59921875 0.046875 0.03828125
3 0.053125 0.58125 0.046875 0.03359375
3 0.21015625 0.7609375 0.05390625 0.06875
3 0.22578125 0.68125 0.05625 0.06015625
3 0.27265625 0.734375 0.0421875 0.05078125
3 0.33046875 0.19453125 0.0546875 0.0484375
3 0.48671875 0.20234375 0.04140625 0.02890625
3 0.58046875 0.3640625 0.046875 0.0421875
3 0.61875 0.30078125 0.0546875 0.07109375