1 0.578125 0.0484375 0.07578125 0.03359375
1 0.5625 0.10703125 0.00859375 0.00703125
1 0.53359375 0.08984375 0.06640625 0.03359375
1 0.4765625 0.08359375 0.09140625 0.06015625
1 0.546875 0.1828125 0.07578125 0.0453125
1 0.47890625 0.21796875 0.078125 0.0265625
1 0.46328125 0.25546875 0.0734375 0.0484375
1 0.4046875 0.27734375 0.053125 0.03515625
1 0.4296875 0.31171875 0.05546875 0.046875
1 0.5296875 0.3046875 0.08203125 0.03984375
1 0.5203125 0.375 0.07109375 0.046875
1 0.4953125 0.409375 0.0625 0.03515625
1 0.46796875 0.4265625 0.0734375 0.05
1 0.4421875 0.46796875 0.06640625 0.03984375
1 0.41015625 0.49453125 0.0734375 0.06796875
1 0.61875 0.55859375 0.0734375 0.046875
1 0.72890625 0.675 0.07578125 0.05
1 0.30859375 0.2296875 0.03125 0.03359375
1 0.36640625 0.25703125 0.07109375 0.06328125
1 0.3765625 0.33515625 0.06875 0.046875
1 0.39296875 0.38359375 0.07578125 0.04296875
1 0.30078125 0.41484375 0.078125 0.03984375
1 0.60234375 0.359375 0.07109375 0.0546875
1 0.66640625 0.40546875 0.07578125 0.03828125
1 0.70703125 0.47109375 0.07109375 0.05859375
1 0.6234375 0.45078125 0.078125 0.0484375
1 0.646875 0.49921875 0.0890625 0.06171875
1 0.84765625 0.47421875 0.08203125 0.05859375
1 0.65078125 0.71171875 0.07109375 0.05
1 0.7109375 0.740625 0.0578125 0.0546875
1 0.803125 0.70859375 0.05546875 0.03984375
1 0.8140625 0.753125 0.08671875 0.06328125
1 0.44453125 0.12421875 0.0625 0.0515625
1 0.3546875 0.128125 0.06015625 0.03359375
1 0.4078125 0.06796875 0.05078125 0.03984375
1 0.503125 0.03828125 0.06015625 0.03359375
1 0.7859375 0.53984375 0.0640625 0.03359375
1 0.53984375 0.6546875 0.0890625 0.046875
1 0.9421875 0.68984375 0.053125 0.03671875
1 0.93359375 0.771875 0.04453125 0.0296875
1 0.7765625 0.61796875 0.08203125 0.03984375
1 0.571875 0.415625 0.06015625 0.03515625
1 0.5421875 0.4484375 0.0796875 0.03984375
1 0.55234375 0.2640625 0.05078125 0.0515625
1 0.59296875 0.24921875 0.053125 0.04140625
1 0.8890625 0.7375 0.03984375 0.03828125
1 0.771875 0.3671875 0.05546875 0.04140625
1 0.67578125 0.55078125 0.06640625 0.04140625
1 0.51796875 0.59140625 0.0359375 0.03359375
1 0.62578125 0.6671875 0.05546875 0.028125
1 0.8953125 0.7765625 0.0359375 0.0265625
1 0.48359375 0.6015625 0.046875 0.0296875
1 0.53125 0.62109375 0.04453125 0.028125
1 0.39921875 0.43671875 0.0375 0.0234375
1 0.37421875 0.42421875 0.0375 0.021875
1 0.6546875 0.37421875 0.046875 0.03515625
1 0.6140625 0.2921875 0.0375 0.025
1 0.45234375 0.3796875 0.0421875 0.0234375
1 0.5890625 0.5203125 0.0625 0.0296875