3 0.15703125 0.509375 0.02734375 0.04453125
3 0.28984375 0.63203125 0.07109375 0.0203125
3 0.27109375 0.6625 0.04921875 0.03984375
3 0.240625 0.6984375 0.04140625 0.0421875
3 0.23828125 0.5984375 0.03671875 0.03984375
3 0.3390625 0.64765625 0.02734375 0.0328125
3 0.328125 0.6734375 0.0296875 0.03125
3 0.32421875 0.70859375 0.046875 0.04453125
3 0.36484375 0.7109375 0.0296875 0.03125
3 0.41796875 0.75 0.06171875 0.05546875
3 0.49765625 0.653125 0.03984375 0.03125
3 0.53515625 0.61640625 0.0546875 0.06015625
3 0.39609375 0.65546875 0.046875 0.04453125