3 0.890625 0.6125 0.04140625 0.02890625
3 0.903125 0.66328125 0.07578125 0.06015625
3 0.70703125 0.86953125 0.04921875 0.06015625
3 0.61875 0.86328125 0.03984375 0.02890625
3 0.65234375 0.84296875 0.04140625 0.0421875
3 0.51171875 0.88046875 0.0125 0.02890625
3 0.57578125 0.88046875 0.02734375 0.015625
3 0.6125 0.90625 0.046875 0.0359375
3 0.9390625 0.37578125 0.034375 0.0265625
3 0.92890625 0.34453125 0.0296875 0.0203125
3 0.9203125 0.24296875 0.04140625 0.0265625
3 0.31328125 0.22578125 0.02421875 0.0265625
3 0.396875 0.34296875 0.04453125 0.03984375
3 0.4609375 0.4703125 0.0296875 0.0421875