2 0.6296875 0.18203125 0.04140625 0.0203125
2 0.6078125 0.20546875 0.02734375 0.04453125
2 0.6421875 0.21640625 0.03203125 0.0265625
2 0.5703125 0.18984375 0.03671875 0.0359375
2 0.53359375 0.19296875 0.03203125 0.0375
2 0.584375 0.16796875 0.034375 0.03515625
2 0.6203125 0.1296875 0.03671875 0.04453125
2 0.42890625 0.21328125 0.0296875 0.0421875
2 0.45859375 0.171875 0.04921875 0.03984375
2 0.4796875 0.1375 0.046875 0.03359375
2 0.7703125 0.490625 0.03203125 0.02890625
2 0.62265625 0.559375 0.03671875 0.03359375
2 0.5953125 0.61015625 0.02734375 0.02421875
2 0.5671875 0.62890625 0.0296875 0.0484375
2 0.5328125 0.61171875 0.034375 0.03984375
2 0.6125 0.63125 0.0171875 0.01328125
2 0.65546875 0.6453125 0.034375 0.03359375
2 0.65078125 0.665625 0.0296875 0.02890625
2 0.6875 0.6703125 0.0296875 0.03359375
2 0.66796875 0.6953125 0.02890625 0.0265625
2 0.66015625 0.70625 0.034375 0.021875
2 0.715625 0.67578125 0.021875 0.02265625
2 0.73828125 0.65703125 0.03203125 0.02890625
2 0.74140625 0.69765625 0.0296875 0.03125
2 0.73203125 0.72578125 0.034375 0.0421875
2 0.7046875 0.71953125 0.01953125 0.03515625
2 0.73203125 0.62421875 0.0296875 0.0359375
2 0.76171875 0.6375 0.03984375 0.03984375
2 0.76875 0.6 0.0296875 0.0359375
2 0.7234375 0.5890625 0.046875 0.04453125
2 0.67265625 0.74296875 0.0296875 0.03359375
2 0.71015625 0.75859375 0.0296875 0.02421875
2 0.640625 0.790625 0.059375 0.0359375