2 0.7859375 0.11953125 0.0421875 0.05703125
2 0.7359375 0.309375 0.0265625 0.05078125
2 0.8125 0.28359375 0.02890625 0.04453125
2 0.55078125 0.70625 0.03984375 0.04453125
2 0.50703125 0.81875 0.03125 0.04765625
2 0.45859375 0.89765625 0.046875 0.04765625
2 0.4265625 0.78515625 0.03125 0.05078125
2 0.49453125 0.68125 0.06015625 0.05078125
2 0.2703125 0.39765625 0.0203125 0.05703125
2 0.3046875 0.42578125 0.04921875 0.05703125
2 0.40546875 0.2984375 0.046875 0.06640625
2 0.5734375 0.3171875 0.0359375 0.05390625
2 0.36015625 0.7046875 0.0265625 0.040625
2 0.89296875 0.346875 0.04921875 0.06328125
2 0.65546875 0.38203125 0.0578125 0.08828125
2 0.51640625 0.26796875 0.046875 0.07578125
2 0.30546875 0.53125 0.02890625 0.040625
2 0.3140625 0.58515625 0.03359375 0.06015625
2 0.39453125 0.6359375 0.02890625 0.034375
2 0.4609375 0.60234375 0.046875 0.05078125
2 0.41640625 0.71796875 0.0375 0.040625
2 0.5859375 0.5171875 0.0421875 0.07578125
2 0.65 0.5234375 0.0421875 0.05078125
2 0.74921875 0.5265625 0.04453125 0.06328125
2 0.721875 0.6609375 0.04453125 0.05390625
2 0.54140625 0.4921875 0.03359375 0.05078125
2 0.628125 0.60078125 0.046875 0.04765625
2 0.365625 0.77421875 0.02890625 0.04765625