1 0.5359375 0.1453125 0.06171875 0.0625
1 0.42578125 0.2578125 0.05625 0.0375
1 0.4328125 0.2125 0.10078125 0.0625
1 0.50078125 0.22109375 0.04921875 0.021875
1 0.64609375 0.2640625 0.06875 0.046875
1 0.43515625 0.2875 0.0515625 0.04921875
1 0.34296875 0.25234375 0.09375 0.03984375
1 0.71171875 0.2578125 0.04453125 0.05546875
1 0.70234375 0.315625 0.0640625 0.046875
1 0.734375 0.28984375 0.03984375 0.0359375
1 0.74296875 0.21640625 0.0515625 0.04453125
1 0.77734375 0.21796875 0.0421875 0.05546875
1 0.82578125 0.22109375 0.05390625 0.053125
1 0.78984375 0.2828125 0.046875 0.04453125
1 0.83046875 0.30546875 0.0640625 0.0265625
1 0.84375 0.33203125 0.071875 0.0578125
1 0.81171875 0.35390625 0.05625 0.053125
1 0.77734375 0.375 0.05703125 0.02421875
1 0.8203125 0.38828125 0.04921875 0.0515625
1 0.8546875 0.36484375 0.0640625 0.053125
1 0.88671875 0.440625 0.0640625 0.07578125
1 0.8390625 0.425 0.046875 0.04453125
1 0.82578125 0.48671875 0.05390625 0.06640625
1 0.915625 0.5046875 0.0859375 0.0625
1 0.79453125 0.54453125 0.04140625 0.04453125
1 0.76796875 0.58671875 0.03203125 0.0359375
1 0.7765625 0.6234375 0.04921875 0.0640625
1 0.840625 0.58125 0.059375 0.0640625
1 0.83515625 0.6 0.03984375 0.0625
1 0.728125 0.57734375 0.06171875 0.05078125
1 0.671875 0.61796875 0.0515625 0.0578125
1 0.73203125 0.609375 0.059375 0.04453125
1 0.63671875 0.67421875 0.03671875 0.05078125
1 0.68515625 0.6734375 0.04921875 0.03984375
1 0.72578125 0.69921875 0.0515625 0.06015625
1 0.76484375 0.68359375 0.0765625 0.05546875
1 0.82421875 0.67890625 0.03671875 0.06875
1 0.8671875 0.65546875 0.07421875 0.0484375
1 0.88359375 0.5578125 0.0515625 0.0578125
1 0.6 0.94296875 0.06171875 0.06015625
1 0.52578125 0.2640625 0.05 0.040625
1 0.58984375 0.6140625 0.05859375 0.04453125
1 0.69296875 0.8046875 0.0390625 0.0328125
1 0.7171875 0.78203125 0.03984375 0.0359375
1 0.821875 0.77265625 0.028125 0.03046875
1 0.80859375 0.74765625 0.0453125 0.034375
1 0.86796875 0.709375 0.03203125 0.03203125
1 0.73828125 0.54375 0.0296875 0.03671875
1 0.75 0.4015625 0.05078125 0.03828125
1 0.803125 0.428125 0.03828125 0.03203125
1 0.73125 0.15546875 0.03671875 0.02578125
1 0.68125 0.1140625 0.04921875 0.0359375
1 0.44921875 0.1453125 0.03984375 0.03359375
1 0.34609375 0.15546875 0.02734375 0.02109375
1 0.43671875 0.3640625 0.03046875 0.0390625
1 0.43046875 0.4953125 0.04765625 0.0390625
1 0.49140625 0.92265625 0.03671875 0.0390625
1 0.66640625 0.73515625 0.06640625 0.04609375
1 0.88984375 0.5921875 0.0359375 0.04296875
1 0.9203125 0.32109375 0.034375 0.0328125
1 0.60859375 0.68515625 0.0375 0.046875
1 0.5015625 0.86328125 0.0546875 0.03515625
1 0.43984375 0.85 0.04140625 0.03515625
1 0.36328125 0.62890625 0.03828125 0.0296875
1 0.3890625 0.6046875 0.0421875 0.040625