1 0.6046875 0.02578125 0.06328125 0.0515625
1 0.6734375 0.23125 0.046875 0.075
1 0.2796875 0.06328125 0.03359375 0.07890625
1 0.21796875 0.05546875 0.0703125 0.09453125
1 0.03359375 0.07109375 0.046875 0.06328125
1 0.11171875 0.18203125 0.05 0.05546875
1 0.18828125 0.25078125 0.04296875 0.059375
1 0.2453125 0.225 0.04296875 0.07109375
1 0.41640625 0.1875 0.0796875 0.059375
1 0.33203125 0.090625 0.04296875 0.06328125
1 0.45703125 0.27109375 0.03984375 0.059375
1 0.3703125 0.290625 0.046875 0.0515625
1 0.53984375 0.28828125 0.046875 0.07890625
1 0.528125 0.4328125 0.05 0.090625
1 0.51171875 0.5734375 0.05703125 0.07890625
1 0.31171875 0.57734375 0.08359375 0.09453125
1 0.16796875 0.5 0.03671875 0.0515625
1 0.0734375 0.50390625 0.06640625 0.059375
1 0.05703125 0.58125 0.03984375 0.05546875
1 0.11015625 0.66796875 0.046875 0.07890625
1 0.2015625 0.69921875 0.05 0.07109375
1 0.275 0.6796875 0.04296875 0.04765625
1 0.28828125 0.7328125 0.04296875 0.059375
1 0.08515625 0.80078125 0.04296875 0.059375
1 0.03828125 0.6953125 0.03671875 0.05546875
1 0.36484375 0.70390625 0.05703125 0.07890625
1 0.3546875 0.77890625 0.0765625 0.09453125
1 0.4 0.82421875 0.0734375 0.0671875
1 0.44296875 0.77109375 0.053125 0.05546875
1 0.48828125 0.75703125 0.05703125 0.0671875
1 0.80859375 0.69765625 0.03671875 0.059375
1 0.76015625 0.65234375 0.046875 0.07109375
1 0.65703125 0.6859375 0.06640625 0.059375
1 0.621875 0.74296875 0.0296875 0.03984375
1 0.56640625 0.7328125 0.06015625 0.0671875
1 0.578125 0.64609375 0.04296875 0.075
1 0.6265625 0.8203125 0.03984375 0.0671875
1 0.6734375 0.80859375 0.053125 0.0828125
1 0.7203125 0.9390625 0.08671875 0.0828125
1 0.6203125 0.51796875 0.046875 0.04765625
1 0.646875 0.45078125 0.046875 0.05546875
1 0.703125 0.440625 0.03359375 0.0359375
1 0.71640625 0.5140625 0.053125 0.06328125
1 0.43359375 0.42890625 0.053125 0.075
1 0.46171875 0.57109375 0.05 0.0671875
1 0.221875 0.4171875 0.08359375 0.090625
1 0.16171875 0.5890625 0.0765625 0.07109375
1 0.36171875 0.36171875 0.04296875 0.0671875
1 0.45859375 0.34375 0.0703125 0.06328125
1 0.59296875 0.31640625 0.0265625 0.07109375
1 0.5234375 0.3578125 0.046875 0.059375
1 0.31640625 0.20390625 0.06015625 0.075
1 0.13984375 0.2765625 0.0265625 0.06328125
1 0.396875 0.0375 0.09296875 0.0671875
1 0.39296875 0.1203125 0.06015625 0.059375
1 0.4703125 0.15 0.06015625 0.05546875
1 0.51796875 0.1859375 0.06328125 0.05546875
1 0.73203125 0.22734375 0.05703125 0.059375