1 0.51015625 0.2734375 0.08203125 0.05078125
1 0.29921875 0.3125 0.1015625 0.05078125
1 0.35625 0.253125 0.090625 0.0421875
1 0.7765625 0.3296875 0.1109375 0.03984375
1 0.271875 0.4703125 0.0875 0.0328125
1 0.559375 0.640625 0.07109375 0.03359375
1 0.578125 0.69296875 0.075 0.0625
1 0.5 0.6375 0.046875 0.03125
1 0.56328125 0.7484375 0.0625 0.0359375
1 0.51796875 0.8125 0.06640625 0.04921875
1 0.60078125 0.7640625 0.0984375 0.0265625
1 0.72890625 0.7546875 0.13359375 0.05703125
1 0.6578125 0.2484375 0.134375 0.046875
1 0.634375 0.321875 0.09453125 0.06015625
1 0.41171875 0.296875 0.090625 0.06484375
1 0.57578125 0.3984375 0.07109375 0.053125
1 0.68359375 0.38046875 0.08359375 0.0359375
1 0.6953125 0.4125 0.0984375 0.0328125
1 0.64453125 0.43671875 0.06640625 0.0421875
1 0.6875 0.4578125 0.075 0.03515625
1 0.778125 0.471875 0.08359375 0.03515625
1 0.52421875 0.4734375 0.03203125 0.01796875
1 0.4234375 0.44140625 0.09140625 0.0546875
1 0.26171875 0.5375 0.090625 0.05703125
1 0.378125 0.521875 0.0625 0.03046875
1 0.45703125 0.5484375 0.0640625 0.03984375
1 0.50234375 0.5625 0.090625 0.04921875
1 0.4015625 0.6359375 0.09453125 0.04921875
1 0.29609375 0.6609375 0.103125 0.0515625
1 0.41171875 0.6859375 0.0984375 0.04921875
1 0.80390625 0.6578125 0.0859375 0.04453125
1 0.64453125 0.8171875 0.05859375 0.0484375
1 0.76484375 0.8234375 0.065625 0.03203125
1 0.20703125 0.596875 0.05 0.02890625
1 0.6796875 0.509375 0.05703125 0.03671875
1 0.75 0.578125 0.05859375 0.02578125
1 0.865625 0.3796875 0.059375 0.034375
1 0.9640625 0.37734375 0.06953125 0.0421875
1 0.8796875 0.428125 0.0734375 0.0421875
1 0.49453125 0.3734375 0.0890625 0.03203125
1 0.559375 0.4484375 0.06953125 0.02734375
1 0.3265625 0.615625 0.0609375 0.03515625
1 0.5703125 0.5859375 0.0765625 0.04765625
1 0.7703125 0.3828125 0.07890625 0.0375
1 0.740625 0.6796875 0.075 0.03515625
1 0.65703125 0.7015625 0.0609375 0.03046875
1 0.54609375 0.5234375 0.05 0.0296875
1 0.471875 0.496875 0.075 0.040625
1 0.65 0.65859375 0.0640625 0.0421875
1 0.284375 0.709375 0.05859375 0.03359375
1 0.3859375 0.721875 0.06953125 0.028125