3 0.50625 0.6984375 0.05859375 0.05
3 0.36875 0.18671875 0.0359375 0.0359375
3 0.34140625 0.16328125 0.06484375 0.0203125
3 0.30703125 0.38125 0.05078125 0.05625
3 0.29765625 0.3125 0.0359375 0.0375
3 0.6734375 0.2671875 0.02734375 0.040625
3 0.61640625 0.2375 0.0484375 0.0375
3 0.66796875 0.2125 0.0375 0.046875
3 0.62265625 0.14921875 0.04375 0.0359375
3 0.85703125 0.2546875 0.04609375 0.034375
3 0.78046875 0.1015625 0.090625 0.034375
3 0.43046875 0.12734375 0.0921875 0.0484375
3 0.76171875 0.16484375 0.06484375 0.0390625
3 0.6921875 0.9765625 0.06953125 0.03125
3 0.65546875 0.909375 0.06328125 0.0375
3 0.5375 0.159375 0.0921875 0.065625
3 0.83515625 0.14375 0.0859375 0.05