0 0.76171875 0.22734375 0.03359375 0.05859375
0 0.85390625 0.27265625 0.0625 0.0546875
0 0.678125 0.39765625 0.04609375 0.04375
0 0.6859375 0.56484375 0.0546875 0.06484375
0 0.5796875 0.68984375 0.0546875 0.0671875
0 0.38046875 0.71171875 0.0546875 0.05859375
0 0.44453125 0.70859375 0.04375 0.04375
0 0.20703125 0.496875 0.0421875 0.0453125
0 0.1515625 0.3828125 0.04375 0.0609375
0 0.19375 0.38359375 0.02734375 0.05859375
0 0.23203125 0.39140625 0.025 0.0390625
0 0.240625 0.19921875 0.0421875 0.05859375
0 0.8109375 0.19921875 0.0484375 0.0328125
0 0.53671875 0.35 0.0484375 0.04765625
0 0.740625 0.66484375 0.05 0.0390625
0 0.35859375 0.5359375 0.05234375 0.0328125
0 0.36328125 0.26875 0.05625 0.05
0 0.48046875 0.57265625 0.0484375 0.05
0 0.34453125 0.3671875 0.0609375 0.05625
0 0.82109375 0.45 0.05234375 0.06484375