1 0.6625 0.209375 0.0578125 0.0484375
1 0.55859375 0.146875 0.08203125 0.10703125
1 0.5234375 0.2234375 0.1046875 0.053125
1 0.63203125 0.26640625 0.078125 0.05703125
1 0.45859375 0.04296875 0.046875 0.03984375
1 0.52421875 0.07109375 0.0625 0.0515625
1 0.6046875 0.08046875 0.06640625 0.075
1 0.6796875 0.35234375 0.06640625 0.0515625
1 0.6640625 0.41484375 0.0796875 0.053125
1 0.50078125 0.3640625 0.121875 0.0453125
1 0.478125 0.3109375 0.09765625 0.0484375
1 0.40234375 0.3078125 0.12421875 0.06796875
1 0.303125 0.30078125 0.1046875 0.0546875
1 0.35 0.57109375 0.06875 0.0484375
1 0.353125 0.653125 0.0625 0.06015625
1 0.52890625 0.625 0.053125 0.05
1 0.59765625 0.5484375 0.0796875 0.06328125
1 0.6453125 0.50859375 0.0734375 0.053125
1 0.69296875 0.559375 0.10234375 0.0484375
1 0.74296875 0.48359375 0.08671875 0.06328125
1 0.76796875 0.35390625 0.0734375 0.0546875
1 0.7796875 0.4171875 0.053125 0.0484375
1 0.4875 0.40390625 0.078125 0.03515625
1 0.61796875 0.35234375 0.0359375 0.04140625
1 0.26015625 0.71171875 0.03125 0.04296875
1 0.1875 0.84453125 0.06875 0.04140625
1 0.5234375 0.54765625 0.06015625 0.028125
1 0.5265625 0.84296875 0.07109375 0.03671875
1 0.59765625 0.8296875 0.09765625 0.04296875
1 0.54453125 0.7421875 0.0796875 0.05859375
1 0.47890625 0.69140625 0.06015625 0.0296875
1 0.1921875 0.43359375 0.06875 0.05703125
1 0.2546875 0.40703125 0.078125 0.06640625
1 0.26015625 0.453125 0.06640625 0.03984375
1 0.20859375 0.4890625 0.0796875 0.04140625
1 0.228125 0.5859375 0.0953125 0.071875
1 0.3234375 0.3796875 0.0734375 0.053125
1 0.36640625 0.43046875 0.07109375 0.075
1 0.37109375 0.48515625 0.0578125 0.0265625
1 0.446875 0.478125 0.06640625 0.05
1 0.4046875 0.609375 0.07109375 0.03828125
1 0.471875 0.6375 0.0640625 0.0484375
1 0.7 0.61015625 0.0625 0.03984375
1 0.73359375 0.6859375 0.0578125 0.0453125
1 0.64921875 0.68671875 0.084375 0.03359375
1 0.6375 0.74140625 0.0796875 0.0296875
1 0.64765625 0.78671875 0.078125 0.05
1 0.5765625 0.31953125 0.078125 0.028125
1 0.5921875 0.2875 0.08671875 0.028125
1 0.32109375 0.10078125 0.046875 0.025
1 0.39453125 0.24921875 0.0640625 0.0453125
1 0.215625 0.34609375 0.0625 0.03828125