3 0.82578125 0.5234375 0.04921875 0.0421875
3 0.70859375 0.6796875 0.0515625 0.03125
3 0.71328125 0.7375 0.0515625 0.0359375
3 0.6421875 0.70625 0.046875 0.03515625
3 0.66953125 0.7734375 0.0515625 0.0265625
3 0.6765625 0.803125 0.046875 0.03359375
3 0.61875 0.78515625 0.0296875 0.02890625
3 0.6359375 0.8140625 0.0390625 0.03359375
3 0.62109375 0.8375 0.034375 0.03125
3 0.59921875 0.8234375 0.05390625 0.03828125
3 0.553125 0.8375 0.046875 0.04453125
3 0.84296875 0.4515625 0.0296875 0.0265625
3 0.740625 0.334375 0.03671875 0.03125
3 0.51796875 0.2625 0.05390625 0.05078125
3 0.45390625 0.25546875 0.05390625 0.05078125
3 0.38984375 0.33046875 0.034375 0.0421875
3 0.39453125 0.2640625 0.04921875 0.046875
3 0.4390625 0.16484375 0.04921875 0.02890625
3 0.47578125 0.20234375 0.04921875 0.05078125
3 0.5203125 0.18203125 0.04453125 0.0421875