3 0.48046875 0.240625 0.0203125 0.04453125
3 0.559375 0.4109375 0.03984375 0.02890625
3 0.4078125 0.70625 0.03203125 0.03515625
3 0.44609375 0.72890625 0.0390625 0.01796875
3 0.421875 0.7546875 0.03984375 0.02421875
3 0.3734375 0.73203125 0.04140625 0.0375
3 0.2796875 0.7265625 0.0421875 0.03515625
3 0.2859375 0.7578125 0.04453125 0.0265625
3 0.34453125 0.7921875 0.046875 0.02421875
3 0.38125 0.8375 0.02734375 0.03125
3 0.3234375 0.83203125 0.04453125 0.0421875
3 0.58515625 0.89296875 0.03671875 0.03125
3 0.59765625 0.925 0.03671875 0.02421875
3 0.384375 0.93203125 0.04453125 0.0375