1 0.24375 0.221875 0.021875 0.03828125
1 0.2390625 0.16171875 0.03203125 0.02578125
1 0.21484375 0.1875 0.021875 0.03515625
1 0.18046875 0.21796875 0.03046875 0.040625
1 0.171875 0.27109375 0.03046875 0.0359375
1 0.1625 0.33203125 0.03203125 0.05078125
1 0.21015625 0.31953125 0.02890625 0.0453125
1 0.2375 0.26484375 0.0421875 0.053125
1 0.24453125 0.37578125 0.03046875 0.0453125
1 0.246875 0.30859375 0.0234375 0.0328125
1 0.30390625 0.3453125 0.0234375 0.05078125
1 0.27734375 0.39375 0.034375 0.0609375
1 0.30078125 0.48828125 0.0234375 0.040625
1 0.30703125 0.51328125 0.03359375 0.040625
1 0.3609375 0.490625 0.03515625 0.0609375
1 0.4921875 0.46640625 0.0203125 0.04296875
1 0.51015625 0.4421875 0.03046875 0.05625
1 0.525 0.3984375 0.04921875 0.02578125
1 0.5265625 0.36796875 0.0359375 0.05078125
1 0.61640625 0.4046875 0.05234375 0.06875
1 0.5703125 0.39453125 0.02890625 0.03828125
1 0.53515625 0.44609375 0.03515625 0.0328125
1 0.50078125 0.49765625 0.0359375 0.04609375
1 0.56796875 0.50546875 0.03046875 0.03515625
1 0.5265625 0.5375 0.04921875 0.05859375
1 0.60546875 0.53515625 0.040625 0.05859375
1 0.63671875 0.52734375 0.0390625 0.04296875
1 0.66953125 0.52109375 0.03046875 0.03515625
1 0.68203125 0.571875 0.02890625 0.04609375
1 0.715625 0.44453125 0.0375 0.03515625
1 0.72890625 0.38671875 0.0375 0.05390625
1 0.7109375 0.3234375 0.05546875 0.08359375
1 0.75859375 0.30859375 0.0390625 0.0640625
1 0.6671875 0.315625 0.04921875 0.05859375
1 0.6734375 0.2484375 0.04609375 0.0609375
1 0.8390625 0.2421875 0.040625 0.05859375
1 0.83046875 0.3171875 0.02734375 0.05625
1 0.7890625 0.365625 0.04609375 0.06640625
1 0.83359375 0.4421875 0.03359375 0.05625
1 0.7703125 0.515625 0.05234375 0.05078125
1 0.7484375 0.5640625 0.0390625 0.02578125
1 0.76328125 0.63828125 0.03203125 0.05625
1 0.7234375 0.69765625 0.04375 0.05859375
1 0.73125 0.6328125 0.0390625 0.05625
1 0.6609375 0.69921875 0.0375 0.05078125
1 0.8 0.43671875 0.040625 0.06640625
1 0.7625 0.44609375 0.03359375 0.0484375
1 0.6890625 0.52734375 0.0359375 0.0640625
1 0.84765625 0.4890625 0.04921875 0.04296875
1 0.8375 0.55234375 0.05390625 0.05859375
1 0.8 0.66875 0.03046875 0.0765625
1 0.834375 0.73203125 0.03203125 0.07109375
1 0.52734375 0.60625 0.03046875 0.03828125
1 0.5703125 0.58671875 0.0421875 0.0609375
1 0.59609375 0.653125 0.0453125 0.0609375
1 0.584375 0.46328125 0.03515625 0.0640625
1 0.38671875 0.53984375 0.03046875 0.06875
1 0.4203125 0.60234375 0.03203125 0.03515625
1 0.33984375 0.44453125 0.040625 0.05625
1 0.2921875 0.45625 0.040625 0.04375
1 0.3234375 0.37578125 0.0453125 0.05625