3 0.23828125 0.6703125 0.04140625 0.02890625
3 0.19140625 0.67578125 0.03671875 0.0359375
3 0.46953125 0.734375 0.046875 0.02890625
3 0.46328125 0.79765625 0.03984375 0.03125
3 0.3984375 0.82890625 0.03671875 0.0359375
3 0.35625 0.83828125 0.03671875 0.0375
3 0.55546875 0.83515625 0.03671875 0.0265625
3 0.51171875 0.85625 0.0515625 0.02890625
3 0.44765625 0.853125 0.03671875 0.03515625
3 0.36796875 0.95234375 0.04453125 0.0359375
3 0.4671875 0.92734375 0.03203125 0.02890625
3 0.4984375 0.96171875 0.0296875 0.03984375
3 0.53359375 0.9359375 0.03671875 0.03359375
3 0.55234375 0.96953125 0.04453125 0.03359375
3 0.584375 0.9109375 0.04453125 0.01796875
3 0.59140625 0.94140625 0.04453125 0.03125
3 0.59140625 0.87265625 0.034375 0.03125