2 0.44765625 0.43984375 0.05 0.0484375
2 0.3953125 0.43984375 0.0453125 0.04296875
2 0.5421875 0.153125 0.06015625 0.05390625
2 0.5328125 0.0875 0.0453125 0.0296875
2 0.5734375 0.0859375 0.04765625 0.05859375
2 0.59765625 0.0375 0.0546875 0.02109375
2 0.6140625 0.0953125 0.0171875 0.03984375
2 0.64375 0.08046875 0.02265625 0.01640625
2 0.6515625 0.10859375 0.0328125 0.03515625
2 0.64609375 0.03984375 0.0375 0.03203125
2 0.6765625 0.02578125 0.0578125 0.03984375
2 0.74140625 0.18203125 0.04765625 0.0640625
2 0.40859375 0.6390625 0.02734375 0.0296875
2 0.40625 0.66875 0.05234375 0.03984375
2 0.4390625 0.71171875 0.0328125 0.05078125
2 0.50234375 0.6796875 0.0453125 0.0671875
2 0.5453125 0.6859375 0.03984375 0.02109375
2 0.5546875 0.71875 0.03515625 0.04296875
2 0.60859375 0.70546875 0.04765625 0.06953125
2 0.65859375 0.653125 0.05234375 0.03515625
2 0.71015625 0.715625 0.06015625 0.06953125
2 0.69375 0.16640625 0.04765625 0.05390625
2 0.7 0.1015625 0.06015625 0.05859375