1 0.5046875 0.45234375 0.07421875 0.0421875
1 0.47734375 0.565625 0.0625 0.0546875
1 0.39921875 0.68828125 0.05390625 0.05234375
1 0.628125 0.7578125 0.08515625 0.0578125
1 0.80625 0.73984375 0.11171875 0.06015625
1 0.7296875 0.6859375 0.04765625 0.0390625
1 0.95 0.69296875 0.0625 0.04375
1 0.87734375 0.84765625 0.06484375 0.04921875
1 0.82734375 0.80625 0.0578125 0.04765625
1 0.71953125 0.81171875 0.0390625 0.0546875
1 0.46484375 0.7578125 0.05390625 0.04140625
1 0.5140625 0.74140625 0.05625 0.053125
1 0.4546875 0.66171875 0.05078125 0.053125
1 0.825 0.3984375 0.0578125 0.02734375
1 0.58125 0.45234375 0.0375 0.07734375
1 0.41015625 0.50625 0.0546875 0.06015625
1 0.5765625 0.609375 0.06953125 0.06875
1 0.921875 0.47421875 0.11875 0.07265625
1 0.77734375 0.64140625 0.08828125 0.05546875
1 0.56796875 0.83359375 0.04609375 0.0296875
1 0.6140625 0.8578125 0.03359375 0.0515625
1 0.675 0.8546875 0.03203125 0.04453125
1 0.60078125 0.915625 0.059375 0.03828125
1 0.59609375 0.95625 0.0625 0.0515625
1 0.72109375 0.87109375 0.06484375 0.07421875
1 0.5828125 0.54609375 0.0578125 0.0328125
1 0.71953125 0.46875 0.04765625 0.03515625
1 0.71953125 0.5671875 0.05625 0.03046875
1 0.66953125 0.6015625 0.05234375 0.040625
1 0.66953125 0.6625 0.04375 0.03671875
1 0.63671875 0.6421875 0.0421875 0.03125
1 0.503125 0.6828125 0.04609375 0.0296875
1 0.5421875 0.65390625 0.04921875 0.04140625
1 0.409375 0.57265625 0.0359375 0.04453125
1 0.5640625 0.72734375 0.0546875 0.03671875
1 0.51328125 0.79609375 0.04375 0.02734375
1 0.51484375 0.8671875 0.0453125 0.04609375
1 0.88828125 0.646875 0.0546875 0.04140625
1 0.95078125 0.625 0.0609375 0.04921875
1 0.90546875 0.5421875 0.04375 0.040625
1 0.5265625 0.4078125 0.04765625 0.03125
1 0.57109375 0.37265625 0.04609375 0.03046875
1 0.9015625 0.33359375 0.0578125 0.040625
1 0.959375 0.3765625 0.0578125 0.0359375
1 0.959375 0.41875 0.05234375 0.03828125
1 0.65078125 0.56015625 0.07265625 0.03125
1 0.4671875 0.61875 0.05078125 0.0328125
1 0.5078125 0.61875 0.03359375 0.0390625
1 0.4265625 0.753125 0.03046875 0.0578125
1 0.69453125 0.7125 0.0546875 0.04609375
1 0.915625 0.5796875 0.040625 0.04765625
1 0.5578125 0.515625 0.08125 0.03125
1 0.478125 0.49375 0.04921875 0.0296875
1 0.84921875 0.5046875 0.0546875 0.03828125
1 0.9421875 0.803125 0.04609375 0.03828125
1 0.92109375 0.76015625 0.06484375 0.0359375
1 0.98046875 0.74765625 0.0359375 0.040625
1 0.68125 0.8109375 0.04375 0.040625