2 0.675 0.4265625 0.04921875 0.02421875
2 0.61953125 0.3296875 0.04140625 0.03125
2 0.70390625 0.3671875 0.0421875 0.0265625
2 0.6765625 0.32734375 0.0125 0.04453125
2 0.3859375 0.65703125 0.03671875 0.02890625
2 0.43515625 0.68359375 0.02734375 0.02421875
2 0.40703125 0.715625 0.04453125 0.03125
2 0.37734375 0.75546875 0.0296875 0.03125
2 0.415625 0.75625 0.021875 0.0421875
2 0.46328125 0.753125 0.0296875 0.04453125
2 0.49296875 0.72734375 0.03984375 0.02890625
2 0.2859375 0.69296875 0.01484375 0.04453125
2 0.31171875 0.653125 0.03203125 0.01796875
2 0.24921875 0.64921875 0.04453125 0.03125
2 0.2453125 0.753125 0.04140625 0.03515625
2 0.259375 0.78984375 0.04921875 0.03828125
2 0.37578125 0.9109375 0.046875 0.01796875
2 0.36171875 0.9359375 0.0515625 0.05078125
2 0.60390625 0.7984375 0.03984375 0.02421875
2 0.54609375 0.8109375 0.03671875 0.03125
2 0.5265625 0.7765625 0.03671875 0.03828125
2 0.43046875 0.88984375 0.03671875 0.02421875
2 0.48671875 0.91171875 0.046875 0.03359375
2 0.5359375 0.92421875 0.0421875 0.03515625
2 0.590625 0.9390625 0.04140625 0.0359375
2 0.58203125 0.9703125 0.034375 0.0265625
2 0.4671875 0.9640625 0.03671875 0.03125
2 0.715625 0.32421875 0.021875 0.02890625
2 0.72109375 0.2921875 0.05625 0.0265625