2 0.7375 0.2515625 0.06171875 0.0328125
2 0.69921875 0.26640625 0.04375 0.04140625
2 0.69375 0.2140625 0.06171875 0.05234375
2 0.58125 0.228125 0.0328125 0.0359375
2 0.6265625 0.2265625 0.05078125 0.0328125
2 0.61953125 0.271875 0.0796875 0.04140625
2 0.56171875 0.3359375 0.0578125 0.0578125
2 0.51484375 0.2875 0.05078125 0.0609375
2 0.48515625 0.46796875 0.0359375 0.04140625
2 0.5 0.52734375 0.0578125 0.05
2 0.57421875 0.490625 0.0328125 0.046875
2 0.65390625 0.48046875 0.07578125 0.05
2 0.68515625 0.5453125 0.04375 0.05234375
2 0.6828125 0.59921875 0.046875 0.05
2 0.61953125 0.60234375 0.0578125 0.05
2 0.57578125 0.596875 0.04375 0.05
2 0.54375 0.54453125 0.0359375 0.0390625
2 0.53046875 0.61171875 0.06171875 0.0578125
2 0.52890625 0.64765625 0.06484375 0.04140625
2 0.51640625 0.70859375 0.0328125 0.0359375
2 0.6015625 0.703125 0.0578125 0.0359375
2 0.603125 0.74296875 0.046875 0.0390625
2 0.659375 0.66328125 0.0359375 0.05
2 0.72109375 0.690625 0.0578125 0.0328125
2 0.759375 0.58984375 0.07578125 0.04140625
2 0.784375 0.5359375 0.08359375 0.04453125
2 0.68125 0.8109375 0.0578125 0.046875
2 0.58359375 0.8 0.02890625 0.03046875
2 0.73515625 0.78046875 0.0578125 0.04140625