1 0.65546875 0.88359375 0.0328125 0.03046875
1 0.22578125 0.584375 0.06171875 0.0578125
1 0.4515625 0.8546875 0.0734375 0.0578125
1 0.71171875 0.87265625 0.0671875 0.05234375
1 0.55625 0.75625 0.08125 0.0578125
1 0.6 0.86015625 0.0890625 0.06484375
1 0.47890625 0.71015625 0.0578125 0.040625
1 0.50546875 0.68203125 0.06953125 0.0390625
1 0.58984375 0.61484375 0.0671875 0.05390625
1 0.44296875 0.6359375 0.04453125 0.05234375
1 0.315625 0.63828125 0.05625 0.0421875
1 0.3484375 0.61796875 0.07109375 0.05078125
1 0.32265625 0.6984375 0.06953125 0.0375
1 0.3265625 0.7421875 0.07734375 0.0375
1 0.209375 0.728125 0.05625 0.05390625
1 0.2390625 0.80859375 0.065625 0.0546875
1 0.3578125 0.828125 0.075 0.0625
1 0.31953125 0.5703125 0.07109375 0.0421875
1 0.36953125 0.50546875 0.0828125 0.0375
1 0.35234375 0.4703125 0.05234375 0.05078125
1 0.2859375 0.5359375 0.09296875 0.0640625
1 0.26640625 0.48515625 0.0578125 0.02890625
1 0.19375 0.53515625 0.05625 0.0375
1 0.2984375 0.4078125 0.09453125 0.05078125
1 0.26640625 0.36484375 0.05390625 0.0375
1 0.378125 0.325 0.034375 0.0421875
1 0.45859375 0.30390625 0.075 0.04765625
1 0.4890625 0.45 0.090625 0.06484375
1 0.6015625 0.3875 0.0671875 0.0421875
1 0.515625 0.3453125 0.0734375 0.040625
1 0.40234375 0.390625 0.09453125 0.0421875
1 0.49921875 0.5625 0.0828125 0.0578125
1 0.2453125 0.3171875 0.07734375 0.0375
1 0.3109375 0.2578125 0.04609375 0.03203125
1 0.37734375 0.25 0.0671875 0.059375
1 0.61171875 0.49609375 0.06953125 0.05078125
1 0.45 0.76171875 0.07734375 0.05625
1 0.6390625 0.78203125 0.065625 0.05390625
1 0.7484375 0.91953125 0.0640625 0.0359375
1 0.5375 0.8625 0.0484375 0.03203125
1 0.23203125 0.66484375 0.03828125 0.0359375
1 0.25546875 0.63203125 0.04453125 0.03515625
1 0.14765625 0.51015625 0.040625 0.0375
1 0.18828125 0.4765625 0.05625 0.02890625
1 0.1875 0.60390625 0.05390625 0.04765625
1 0.5671875 0.7046875 0.0734375 0.0359375
1 0.434375 0.5796875 0.065625 0.05234375
1 0.43125 0.5359375 0.05625 0.0375
1 0.4671875 0.50546875 0.05390625 0.040625
1 0.515625 0.4078125 0.06171875 0.0453125
1 0.5578125 0.4328125 0.0421875 0.0421875
1 0.77578125 0.86328125 0.06171875 0.0390625