2 0.74296875 0.63828125 0.0421875 0.03359375
2 0.72265625 0.66015625 0.0421875 0.0484375
2 0.7296875 0.59296875 0.04453125 0.04375
2 0.6796875 0.55546875 0.04453125 0.06484375
2 0.625 0.6453125 0.04453125 0.04375
2 0.55625 0.6890625 0.0484375 0.06484375
2 0.55546875 0.61953125 0.05078125 0.0625
2 0.3515625 0.64453125 0.0546875 0.05859375
2 0.41953125 0.65703125 0.0484375 0.05859375
2 0.45859375 0.740625 0.04609375 0.0375
2 0.3984375 0.5671875 0.04609375 0.0375
2 0.3859375 0.490625 0.0546875 0.08125
2 0.4265625 0.415625 0.07890625 0.0484375
2 0.51796875 0.45390625 0.0484375 0.0546875
2 0.57890625 0.45625 0.0484375 0.0421875
2 0.62421875 0.48203125 0.034375 0.04375
2 0.7890625 0.48125 0.034375 0.04609375
2 0.7734375 0.409375 0.05078125 0.04375
2 0.83671875 0.446875 0.0484375 0.05625
2 0.87578125 0.3640625 0.0546875 0.05859375
2 0.65 0.275 0.07421875 0.05234375
2 0.778125 0.29921875 0.0484375 0.05
2 0.54921875 0.33125 0.07421875 0.07734375
2 0.55625 0.19140625 0.06484375 0.05625
2 0.37890625 0.16953125 0.06015625 0.0421875
2 0.3078125 0.13046875 0.0546875 0.0484375
2 0.284375 0.17578125 0.07265625 0.0546875
2 0.35078125 0.11015625 0.06015625 0.0359375
2 0.42109375 0.23828125 0.05625 0.0421875
2 0.23671875 0.225 0.07421875 0.0609375
2 0.2609375 0.35390625 0.0546875 0.0375
2 0.25 0.39453125 0.01640625 0.01875
2 0.22890625 0.3671875 0.03828125 0.05625
2 0.23359375 0.509375 0.03203125 0.0734375
2 0.33359375 0.5125 0.05078125 0.07109375
2 0.31640625 0.32421875 0.06484375 0.0625
2 0.84609375 0.1875 0.04609375 0.0484375
2 0.79140625 0.22421875 0.08671875 0.075
2 0.66015625 0.6859375 0.05078125 0.0421875
2 0.39140625 0.3640625 0.07265625 0.0796875
2 0.09453125 0.3671875 0.084375 0.0734375