1 0.6765625 0.53515625 0.04375 0.04296875
1 0.69921875 0.5359375 0.025 0.02578125
1 0.7171875 0.48671875 0.04765625 0.04375
1 0.646875 0.58046875 0.0359375 0.03828125
1 0.646875 0.62890625 0.02890625 0.04296875
1 0.67890625 0.640625 0.03203125 0.04609375
1 0.73515625 0.56796875 0.04375 0.03828125
1 0.58359375 0.54765625 0.03359375 0.0484375
1 0.5578125 0.56171875 0.0203125 0.04609375
1 0.54140625 0.57421875 0.03203125 0.05078125
1 0.5140625 0.6046875 0.01015625 0.01015625
1 0.5 0.5828125 0.03046875 0.03828125
1 0.50390625 0.65234375 0.0171875 0.01796875
1 0.4796875 0.62421875 0.0375 0.03828125
1 0.4796875 0.571875 0.03046875 0.040625
1 0.4953125 0.5296875 0.03359375 0.0328125
1 0.4453125 0.4890625 0.02890625 0.0484375
1 0.46796875 0.45234375 0.02734375 0.05078125
1 0.48515625 0.434375 0.0375 0.040625
1 0.51953125 0.41796875 0.02890625 0.028125
1 0.528125 0.45234375 0.021875 0.0203125
1 0.56015625 0.44296875 0.03203125 0.03828125
1 0.56953125 0.48046875 0.04375 0.03515625
1 0.621875 0.4421875 0.0171875 0.03046875
1 0.67109375 0.37421875 0.03046875 0.053125
1 0.7 0.35 0.03046875 0.03046875
1 0.328125 0.58828125 0.040625 0.06875
1 0.34609375 0.5375 0.03359375 0.03828125
1 0.34140625 0.47734375 0.03359375 0.04609375
1 0.24609375 0.69921875 0.0375 0.03046875
1 0.146875 0.7484375 0.0234375 0.03828125
1 0.19140625 0.83828125 0.02890625 0.0328125
1 0.19921875 0.653125 0.02734375 0.040625
1 0.38125 0.45078125 0.01875 0.05390625
1 0.35859375 0.40234375 0.0234375 0.0328125
1 0.3015625 0.503125 0.025 0.03515625
1 0.265625 0.50078125 0.05234375 0.03046875
1 0.15703125 0.6453125 0.03046875 0.0359375
1 0.16875 0.68515625 0.04765625 0.0328125
1 0.16796875 0.7703125 0.02890625 0.05078125
1 0.21015625 0.78359375 0.0421875 0.05625
1 0.23046875 0.80625 0.0421875 0.04609375
1 0.62734375 0.49296875 0.02734375 0.0359375
1 0.65234375 0.51953125 0.0234375 0.0328125
1 0.6875 0.578125 0.03515625 0.05859375
1 0.71171875 0.60390625 0.0375 0.0484375
1 0.7625 0.68359375 0.003125 0.0046875
1 0.68125 0.24140625 0.06015625 0.0734375
1 0.77109375 0.44921875 0.046875 0.0671875
1 0.575 0.3625 0.08125 0.08984375
1 0.46015625 0.934375 0.03515625 0.04296875
1 0.25 0.55859375 0.05625 0.06953125
1 0.2921875 0.60234375 0.04609375 0.0578125
1 0.26328125 0.66171875 0.05078125 0.05625
1 0.59140625 0.24140625 0.06015625 0.0734375
1 0.64453125 0.303125 0.05390625 0.07109375
1 0.69453125 0.31015625 0.04921875 0.046875
1 0.7546875 0.3796875 0.0515625 0.0671875