1 0.56796875 0.61796875 0.03515625 0.0359375
1 0.57265625 0.75390625 0.03359375 0.04140625
1 0.57734375 0.659375 0.04140625 0.04140625
1 0.52109375 0.8109375 0.02890625 0.05546875
1 0.55703125 0.83046875 0.02734375 0.03359375
1 0.459375 0.875 0.03515625 0.05546875
1 0.46953125 0.540625 0.03125 0.01953125
1 0.49453125 0.19296875 0.03125 0.0359375
1 0.46171875 0.1984375 0.02734375 0.03046875
1 0.50390625 0.23359375 0.0375 0.03359375
1 0.47734375 0.2859375 0.02890625 0.028125
1 0.46171875 0.31640625 0.04765625 0.03359375
1 0.57109375 0.2375 0.05 0.04140625
1 0.57890625 0.3015625 0.02890625 0.0640625
1 0.64375 0.3375 0.03359375 0.053125
1 0.55 0.3390625 0.03359375 0.03359375
1 0.62109375 0.32109375 0.025 0.046875
1 0.615625 0.25859375 0.02265625 0.03359375
1 0.54296875 0.36953125 0.02734375 0.028125
1 0.50390625 0.371875 0.04140625 0.05546875
1 0.478125 0.4125 0.01875 0.03046875
1 0.54921875 0.425 0.02734375 0.0390625
1 0.44375 0.39296875 0.02890625 0.046875
1 0.4375 0.45859375 0.03359375 0.0390625
1 0.44921875 0.57890625 0.05625 0.053125
1 0.45859375 0.646875 0.05 0.05
1 0.48203125 0.6765625 0.02734375 0.0359375
1 0.51796875 0.6875 0.04375 0.05859375
1 0.48046875 0.7359375 0.05234375 0.04453125
1 0.51171875 0.759375 0.03125 0.0359375
1 0.42734375 0.6859375 0.04140625 0.0390625
1 0.41484375 0.721875 0.02890625 0.05546875
1 0.4 0.6515625 0.0375 0.0359375
1 0.36796875 0.65859375 0.02734375 0.0390625
1 0.38203125 0.7734375 0.03984375 0.0359375
1 0.415625 0.8390625 0.02265625 0.05
1 0.425 0.78046875 0.04609375 0.06640625
1 0.590625 0.7125 0.02265625 0.0359375
1 0.48125 0.78046875 0.03359375 0.04453125
1 0.50703125 0.4390625 0.05234375 0.078125
1 0.56640625 0.48046875 0.04140625 0.03359375
1 0.54296875 0.49609375 0.03125 0.03046875
1 0.50234375 0.315625 0.03359375 0.0359375
1 0.52734375 0.321875 0.02890625 0.0390625
1 0.36640625 0.715625 0.025 0.025
1 0.36015625 0.7375 0.025 0.03046875
1 0.37890625 0.7390625 0.025 0.04453125
1 0.42734375 0.5359375 0.02890625 0.03359375
1 0.58125 0.3984375 0.025 0.0359375
1 0.45625 0.5234375 0.03359375 0.03046875
1 0.54296875 0.71953125 0.02734375 0.04453125
1 0.52734375 0.41640625 0.0375 0.05546875
1 0.45625 0.26953125 0.03359375 0.0390625