2 0.3 0.496875 0.07265625 0.04765625
2 0.19765625 0.46796875 0.059375 0.0578125
2 0.525 0.84375 0.07734375 0.0546875
2 0.9546875 0.77734375 0.07265625 0.05078125
2 0.83203125 0.7484375 0.08203125 0.04765625
2 0.80234375 0.87265625 0.0953125 0.0578125
2 0.5546875 0.2140625 0.06328125 0.0609375
2 0.25 0.1359375 0.109375 0.08828125
2 0.525 0.1328125 0.0953125 0.0609375
2 0.73828125 0.23671875 0.1046875 0.0578125
2 0.59765625 0.31328125 0.0953125 0.06796875
2 0.71796875 0.33515625 0.1 0.078125
2 0.83203125 0.36875 0.06328125 0.05078125
2 0.91328125 0.4421875 0.07265625 0.075
2 0.35 0.3484375 0.1 0.078125
2 0.43203125 0.3859375 0.08203125 0.07109375
2 0.50234375 0.3671875 0.06796875 0.0546875
2 0.590625 0.4078125 0.07265625 0.0546875
2 0.64296875 0.47421875 0.06796875 0.0375
2 0.64296875 0.5234375 0.08671875 0.06796875
2 0.64765625 0.6125 0.059375 0.0546875
2 0.71171875 0.61015625 0.040625 0.04453125
2 0.865625 0.59375 0.05 0.0578125
2 0.88828125 0.68046875 0.07734375 0.040625
2 0.59765625 0.76171875 0.13203125 0.08828125
2 0.6796875 0.68359375 0.06796875 0.040625
2 0.49296875 0.69921875 0.08671875 0.0578125
2 0.359375 0.65625 0.0546875 0.034375
2 0.240625 0.559375 0.08203125 0.0578125
2 0.41328125 0.58125 0.1 0.04765625
2 0.48828125 0.56796875 0.059375 0.040625
2 0.515625 0.62265625 0.07734375 0.0546875