1 0.61015625 0.2203125 0.04296875 0.08203125
1 0.58125 0.08203125 0.05390625 0.06171875
1 0.48671875 0.115625 0.0578125 0.05625
1 0.50546875 0.04140625 0.05 0.04140625
1 0.5234375 0.35625 0.046875 0.05625
1 0.490625 0.371875 0.04296875 0.05625
1 0.45 0.27421875 0.046875 0.05625
1 0.6453125 0.33828125 0.05 0.06171875
1 0.565625 0.4203125 0.06171875 0.0515625
1 0.56015625 0.46640625 0.0578125 0.06171875
1 0.62421875 0.4515625 0.05390625 0.071875
1 0.66640625 0.4515625 0.0390625 0.06171875
1 0.58515625 0.60546875 0.05390625 0.08203125
1 0.4609375 0.5078125 0.05390625 0.08203125
1 0.4515625 0.415625 0.065625 0.071875
1 0.3953125 0.45390625 0.06171875 0.04609375
1 0.30625 0.45859375 0.05390625 0.05625
1 0.259375 0.43359375 0.05390625 0.0765625
1 0.21875 0.43359375 0.05 0.06640625
1 0.3375 0.7 0.06171875 0.06640625
1 0.34296875 0.75625 0.0578125 0.05625
1 0.153125 0.73046875 0.05 0.0765625
1 0.40078125 0.60546875 0.04296875 0.071875
1 0.46484375 0.61796875 0.046875 0.0875
1 0.515625 0.58203125 0.05390625 0.05625
1 0.453125 0.6875 0.05390625 0.071875
1 0.428125 0.7484375 0.0578125 0.071875
1 0.4046875 0.80546875 0.05 0.06171875
1 0.3 0.8359375 0.05 0.06171875
1 0.3453125 0.9078125 0.0390625 0.04140625
1 0.296875 0.93359375 0.0578125 0.10234375
1 0.40859375 0.92578125 0.065625 0.05625
1 0.48671875 0.74140625 0.04296875 0.04609375
1 0.571875 0.71015625 0.0578125 0.04609375
1 0.5 0.8515625 0.05390625 0.04140625
1 0.5328125 0.8203125 0.0578125 0.04140625
1 0.6609375 0.59765625 0.08125 0.1078125
1 0.36015625 0.34375 0.06953125 0.071875
1 0.378125 0.3875 0.04296875 0.04609375
1 0.4828125 0.81796875 0.0578125 0.05625
1 0.58515625 0.7765625 0.046875 0.05625
1 0.62421875 0.80546875 0.0390625 0.03046875
1 0.515625 0.23828125 0.05390625 0.06640625
1 0.58515625 0.3125 0.046875 0.0515625
1 0.56796875 0.1640625 0.05 0.06171875
1 0.40078125 0.49765625 0.05 0.0515625
1 0.26953125 0.6921875 0.05 0.06171875
1 0.290625 0.63828125 0.046875 0.04609375
1 0.53671875 0.76171875 0.05 0.06640625
1 0.49609375 0.91796875 0.0390625 0.0515625
1 0.53671875 0.9 0.05 0.04609375
1 0.259375 0.96171875 0.05390625 0.05625
1 0.58125 0.5359375 0.05390625 0.06640625
1 0.71484375 0.42578125 0.04296875 0.0515625
1 0.6703125 0.39453125 0.06171875 0.071875
1 0.57734375 0.2515625 0.046875 0.06171875
1 0.48828125 0.328125 0.046875 0.0515625
1 0.5078125 0.68984375 0.046875 0.05625
1 0.2109375 0.93828125 0.04296875 0.04140625
1 0.2015625 0.97421875 0.046875 0.04140625
1 0.16640625 0.9765625 0.0234375 0.0359375
1 0.1375 0.971875 0.02734375 0.04609375
1 0.41484375 0.971875 0.046875 0.04609375
1 0.52890625 0.6515625 0.04296875 0.0515625