3 0.65859375 0.45625 0.0359375 0.03828125
3 0.65234375 0.53359375 0.0234375 0.0359375
3 0.74609375 0.36953125 0.0390625 0.05390625
3 0.5390625 0.3296875 0.04375 0.05625
3 0.32109375 0.309375 0.0375 0.040625
3 0.33515625 0.24453125 0.0453125 0.05390625
3 0.26484375 0.24453125 0.040625 0.0640625
3 0.1890625 0.28046875 0.0375 0.05390625
3 0.20859375 0.3171875 0.02890625 0.03515625
3 0.18828125 0.35390625 0.03203125 0.05390625
3 0.203125 0.42265625 0.0390625 0.06875
3 0.6859375 0.54921875 0.0390625 0.06640625