3 0.23671875 0.4390625 0.06875 0.046875
3 0.6359375 0.26328125 0.04453125 0.0359375
3 0.46484375 0.684375 0.03203125 0.0359375
3 0.4859375 0.753125 0.03984375 0.021875
3 0.38125 0.8265625 0.07109375 0.03984375
3 0.31484375 0.81640625 0.04140625 0.03828125
3 0.2625 0.85 0.07109375 0.06015625
3 0.2484375 0.771875 0.04140625 0.02421875
3 0.28828125 0.665625 0.0296875 0.02890625
3 0.20859375 0.6125 0.046875 0.02421875
3 0.35625 0.62109375 0.03203125 0.02421875
3 0.23359375 0.67890625 0.03671875 0.0375
3 0.13125 0.5390625 0.05390625 0.05546875
3 0.171875 0.67578125 0.0421875 0.0359375