1 0.48828125 0.30625 0.0171875 0.028125
1 0.49296875 0.265625 0.01875 0.02265625
1 0.4515625 0.2953125 0.02734375 0.0359375
1 0.44140625 0.33828125 0.04375 0.015625
1 0.41328125 0.29375 0.02578125 0.0328125
1 0.38671875 0.3671875 0.0203125 0.0328125
1 0.36484375 0.35078125 0.0234375 0.0203125
1 0.36640625 0.38515625 0.0234375 0.03828125
1 0.3515625 0.440625 0.03359375 0.0484375
1 0.34296875 0.50703125 0.0203125 0.03828125
1 0.36484375 0.5375 0.0234375 0.03828125
1 0.35390625 0.571875 0.021875 0.03046875
1 0.37265625 0.565625 0.01875 0.04296875
1 0.40234375 0.5578125 0.02734375 0.03828125
1 0.38359375 0.63125 0.03359375 0.04296875
1 0.36171875 0.665625 0.01640625 0.05078125
1 0.38671875 0.66015625 0.0203125 0.040625
1 0.41796875 0.59296875 0.02890625 0.04765625
1 0.44609375 0.5359375 0.0234375 0.025
1 0.44140625 0.575 0.0203125 0.02265625
1 0.4875 0.590625 0.015625 0.0328125
1 0.50703125 0.584375 0.0234375 0.02578125
1 0.44375 0.66640625 0.021875 0.03828125
1 0.46796875 0.659375 0.01015625 0.02265625
1 0.47421875 0.6921875 0.015625 0.01796875
1 0.4140625 0.690625 0.03359375 0.0359375
1 0.4484375 0.71015625 0.02890625 0.0328125
1 0.340625 0.7015625 0.02265625 0.0359375
1 0.3828125 0.41640625 0.0125 0.01484375
1 0.3765625 0.43046875 0.01171875 0.01328125
1 0.37734375 0.4421875 0.0125 0.01171875
1 0.375 0.45390625 0.0140625 0.015625
1 0.38203125 0.54140625 0.01328125 0.0171875
1 0.4203125 0.63359375 0.01484375 0.01640625
1 0.42734375 0.62109375 0.0140625 0.01875
1 0.4578125 0.57109375 0.01796875 0.025
1 0.3515625 0.609375 0.01484375 0.02421875
1 0.3625 0.5984375 0.01796875 0.0203125
1 0.38125 0.603125 0.0140625 0.01796875
1 0.39140625 0.59296875 0.0171875 0.03125
1 0.40078125 0.6109375 0.01484375 0.01875
1 0.40546875 0.63203125 0.0140625 0.01875
1 0.47265625 0.71171875 0.0140625 0.015625
1 0.46171875 0.67734375 0.015625 0.01875
1 0.48203125 0.66484375 0.01640625 0.01953125
1 0.34140625 0.4796875 0.01484375 0.01875
1 0.465625 0.2859375 0.01875 0.021875
1 0.52890625 0.32734375 0.01640625 0.0203125
1 0.540625 0.3390625 0.01484375 0.01953125
1 0.54140625 0.321875 0.01484375 0.01796875
1 0.5171875 0.3671875 0.01640625 0.02421875
1 0.49609375 0.3609375 0.015625 0.02421875
1 0.51484375 0.33828125 0.0109375 0.02265625
1 0.521875 0.34375 0.01640625 0.01953125
1 0.5046875 0.6890625 0.01015625 0.021875
1 0.5109375 0.69609375 0.0125 0.0234375
1 0.325 0.66953125 0.0125 0.01875
1 0.3984375 0.521875 0.0171875 0.0171875
1 0.42890625 0.55625 0.015625 0.02109375
1 0.42421875 0.65078125 0.01796875 0.02578125
1 0.4609375 0.65703125 0.01328125 0.02421875
1 0.40234375 0.6640625 0.0171875 0.02421875