1 0.6578125 0.24453125 0.05078125 0.07265625
1 0.38359375 0.29765625 0.05078125 0.04453125
1 0.39765625 0.35546875 0.0375 0.0515625
1 0.528125 0.1578125 0.07421875 0.04453125
1 0.46015625 0.21015625 0.05546875 0.0703125
1 0.4265625 0.18828125 0.04453125 0.08203125
1 0.759375 0.4265625 0.04921875 0.05859375
1 0.7046875 0.45078125 0.0421875 0.0515625
1 0.621875 0.3984375 0.04921875 0.06328125
1 0.78984375 0.55 0.04453125 0.05390625
1 0.87578125 0.559375 0.04453125 0.06796875
1 0.66953125 0.603125 0.05546875 0.05625
1 0.6078125 0.74453125 0.04921875 0.04453125
1 0.7265625 0.86015625 0.053125 0.046875
1 0.690625 0.92734375 0.0421875 0.0609375
1 0.85078125 0.84453125 0.07421875 0.05390625
1 0.6625 0.9125 0.0328125 0.03984375
1 0.521875 0.796875 0.0578125 0.065625
1 0.3859375 0.6953125 0.06484375 0.06328125
1 0.1859375 0.646875 0.08359375 0.065625
1 0.28125 0.77421875 0.06484375 0.06328125
1 0.3046875 0.2546875 0.0421875 0.0375
1 0.54296875 0.2578125 0.0625 0.06328125
1 0.61640625 0.31796875 0.05078125 0.0515625
1 0.5625 0.08984375 0.08359375 0.05390625
1 0.696875 0.171875 0.0765625 0.06328125
1 0.8125 0.40625 0.04921875 0.05625
1 0.7359375 0.51015625 0.04921875 0.05859375
1 0.7734375 0.67421875 0.071875 0.05390625
1 0.96484375 0.478125 0.0421875 0.07265625
1 0.6671875 0.796875 0.05546875 0.0515625
1 0.6140625 0.87421875 0.05078125 0.0703125
1 0.79453125 0.884375 0.03046875 0.03046875
1 0.75703125 0.9359375 0.01640625 0.01640625
1 0.7421875 0.90390625 0.05546875 0.065625
1 0.378125 0.75703125 0.0625 0.05625
1 0.33046875 0.4921875 0.0421875 0.05859375
1 0.4671875 0.3921875 0.05546875 0.0703125
1 0.53984375 0.34375 0.046875 0.0421875
1 0.46640625 0.27578125 0.04453125 0.046875
1 0.71875 0.746875 0.0421875 0.03984375
1 0.6234375 0.93359375 0.0421875 0.03515625
1 0.18125 0.709375 0.06015625 0.03984375
1 0.72109375 0.23046875 0.05078125 0.04921875
1 0.7953125 0.16015625 0.06484375 0.06328125
1 0.66484375 0.53984375 0.05546875 0.05625
1 0.828125 0.30234375 0.05546875 0.06796875
1 0.66875 0.07734375 0.04921875 0.0515625
1 0.58984375 0.2171875 0.071875 0.0515625
1 0.6640625 0.03359375 0.0625 0.04921875
1 0.77109375 0.8390625 0.0578125 0.0515625
1 0.73125 0.6203125 0.053125 0.06328125