0.0 0.761719 0.227344 0.033594 0.058594
0.0 0.853906 0.272656 0.062500 0.054688
0.0 0.678125 0.397656 0.046094 0.043750
0.0 0.685938 0.564844 0.054688 0.064844
0.0 0.579687 0.689844 0.054688 0.067188
0.0 0.380469 0.711719 0.054688 0.058594
0.0 0.444531 0.708594 0.043750 0.043750
0.0 0.207031 0.496875 0.042188 0.045313
0.0 0.151562 0.382812 0.043750 0.060938
0.0 0.193750 0.383594 0.027344 0.058594
0.0 0.232031 0.391406 0.025000 0.039062
0.0 0.240625 0.199219 0.042188 0.058594
0.0 0.810938 0.199219 0.048437 0.032813
0.0 0.536719 0.350000 0.048437 0.047656
0.0 0.740625 0.664844 0.050000 0.039062
0.0 0.358594 0.535937 0.052344 0.032812
0.0 0.363281 0.268750 0.056250 0.050000
0.0 0.480469 0.572656 0.048437 0.050000
0.0 0.344531 0.367188 0.060938 0.056250
0.0 0.821094 0.450000 0.052344 0.064844
