1 0.76875 0.5234375 0.03984375 0.05078125
1 0.7234375 0.5328125 0.04140625 0.0421875
1 0.64921875 0.52109375 0.06640625 0.0421875
1 0.6 0.58359375 0.05625 0.03359375
1 0.75546875 0.55546875 0.06171875 0.01328125
1 0.75546875 0.6015625 0.0515625 0.046875
1 0.66015625 0.6625 0.04921875 0.03515625
1 0.653125 0.6953125 0.06875 0.03984375
1 0.75625 0.67578125 0.034375 0.04453125
1 0.721875 0.653125 0.04921875 0.04453125
1 0.78828125 0.71015625 0.05390625 0.02890625
1 0.653125 0.73515625 0.0546875 0.04453125
1 0.56484375 0.73359375 0.04453125 0.04453125
1 0.6015625 0.61875 0.04453125 0.03828125
1 0.66328125 0.61796875 0.05390625 0.03984375
1 0.6015625 0.8703125 0.04921875 0.0484375
1 0.59921875 0.81875 0.04921875 0.05078125
1 0.6640625 0.815625 0.06171875 0.07578125
1 0.55625 0.8515625 0.06171875 0.0421875
1 0.55703125 0.89140625 0.0640625 0.02890625
1 0.5546875 0.92421875 0.06875 0.04453125
1 0.41171875 0.90078125 0.04921875 0.03828125
1 0.36484375 0.90625 0.05390625 0.053125
1 0.296875 0.34296875 0.046875 0.03984375
1 0.46484375 0.2828125 0.07109375 0.03984375
1 0.51171875 0.65703125 0.04140625 0.03359375
1 0.53828125 0.6875 0.04140625 0.015625
1 0.60625 0.6625 0.034375 0.03125
1 0.7359375 0.74453125 0.0515625 0.053125
1 0.7171875 0.7875 0.059375 0.0375
1 0.5578125 0.671875 0.0453125 0.03203125
1 0.4953125 0.93828125 0.03515625 0.025
1 0.69765625 0.690625 0.02734375 0.02890625
1 0.55 0.59140625 0.0421875 0.0328125
1 0.34140625 0.32109375 0.0421875 0.03359375
1 0.37734375 0.51171875 0.034375 0.04296875
1 0.69375 0.57109375 0.0421875 0.0390625
1 0.584375 0.28984375 0.040625 0.03203125
1 0.503125 0.2421875 0.03359375 0.025
1 0.50546875 0.071875 0.03984375 0.03828125
1 0.54765625 0.11953125 0.0625 0.04296875
1 0.4 0.32265625 0.0328125 0.0265625
1 0.4984375 0.8796875 0.03984375 0.02421875
1 0.43046875 0.8671875 0.03203125 0.021875
1 0.5984375 0.7859375 0.02890625 0.0328125
1 0.61015625 0.7296875 0.05 0.053125
1 0.70390625 0.60625 0.04453125 0.0328125
1 0.8296875 0.5625 0.0390625 0.03515625
1 0.83203125 0.50546875 0.03984375 0.0390625
1 0.69296875 0.75078125 0.0328125 0.0328125
1 0.628125 0.884375 0.03125 0.03125
1 0.521875 0.80078125 0.04140625 0.040625
1 0.65703125 0.59375 0.02734375 0.03203125
1 0.603125 0.5578125 0.0359375 0.034375
1 0.490625 0.8453125 0.04375 0.02578125
1 0.815625 0.46015625 0.02890625 0.0265625
1 0.7921875 0.45 0.03359375 0.025
1 0.55703125 0.63984375 0.034375 0.02109375
1 0.64453125 0.778125 0.034375 0.03203125
1 0.4640625 0.8734375 0.034375 0.02890625
1 0.44296875 0.92890625 0.04296875 0.0296875
1 0.53359375 0.95390625 0.02734375 0.02578125