2 0.37265625 0.58046875 0.04453125 0.0359375
2 0.40859375 0.94609375 0.0515625 0.0359375
2 0.5359375 0.91484375 0.05703125 0.0578125
2 0.45703125 0.26015625 0.04140625 0.0421875
2 0.4140625 0.2640625 0.04921875 0.05546875
2 0.421875 0.1875 0.03984375 0.03984375
2 0.4953125 0.2046875 0.04453125 0.03828125
2 0.46328125 0.14140625 0.04375 0.03125
2 0.23125 0.3171875 0.0515625 0.02421875
2 0.19375 0.32265625 0.03203125 0.0265625
2 0.225 0.34296875 0.04921875 0.03125
2 0.21875 0.390625 0.06171875 0.0375
2 0.19765625 0.41640625 0.04921875 0.01796875
2 0.15703125 0.4515625 0.05703125 0.04453125
2 0.1015625 0.42421875 0.0296875 0.02890625
2 0.1484375 0.5015625 0.0546875 0.02421875
2 0.09296875 0.53828125 0.03671875 0.0265625
2 0.10859375 0.56328125 0.0203125 0.02890625
2 0.153125 0.53671875 0.04921875 0.03359375
2 0.1359375 0.56328125 0.04921875 0.02890625
2 0.14453125 0.61015625 0.0515625 0.046875