1 0.64453125 0.05703125 0.03515625 0.07578125
1 0.76640625 0.0953125 0.04140625 0.06171875
1 0.81953125 0.15390625 0.03515625 0.05625
1 0.54609375 0.19140625 0.03359375 0.053125
1 0.62734375 0.15625 0.05 0.05625
1 0.49765625 0.3703125 0.04609375 0.04765625
1 0.625 0.4859375 0.02890625 0.06171875
1 0.66796875 0.4703125 0.03515625 0.0421875
1 0.87109375 0.6171875 0.05 0.0890625
1 0.80625 0.81171875 0.0375 0.06953125
1 0.3875 0.80703125 0.05859375 0.0890625
1 0.67421875 0.134375 0.05234375 0.06171875
1 0.59609375 0.10859375 0.04140625 0.0671875
1 0.61171875 0.2 0.05234375 0.04765625
1 0.65703125 0.2390625 0.04765625 0.06953125
1 0.609375 0.28359375 0.04375 0.04765625
1 0.55234375 0.28359375 0.02890625 0.04765625
1 0.76640625 0.16640625 0.04609375 0.053125
1 0.778125 0.21796875 0.03984375 0.06171875
1 0.825 0.2734375 0.05390625 0.08359375
1 0.69765625 0.29453125 0.05390625 0.05859375
1 0.63046875 0.34375 0.04765625 0.07265625
1 0.57734375 0.3671875 0.04140625 0.05859375
1 0.71875 0.446875 0.04609375 0.06171875
1 0.734375 0.35625 0.03515625 0.05859375
1 0.771875 0.45078125 0.03125 0.053125
1 0.78359375 0.3390625 0.05 0.0921875
1 0.88671875 0.41796875 0.04765625 0.0640625
1 0.94921875 0.2796875 0.04765625 0.05625
1 0.93203125 0.4078125 0.03515625 0.0671875
1 0.93203125 0.484375 0.03515625 0.053125
1 0.79140625 0.540625 0.05 0.06953125
1 0.72265625 0.58828125 0.04609375 0.07578125
1 0.77265625 0.603125 0.0375 0.05625
1 0.703125 0.66484375 0.02734375 0.06171875
1 0.76796875 0.6609375 0.03515625 0.04765625
1 0.7625 0.725 0.04140625 0.05859375
1 0.596875 0.78359375 0.06015625 0.08125
1 0.54140625 0.74453125 0.03359375 0.04765625
1 0.50078125 0.7375 0.03515625 0.06171875
1 0.68984375 0.8171875 0.05 0.07578125
1 0.56796875 0.578125 0.08125 0.11171875
1 0.72578125 0.0140625 0.03515625 0.028125
1 0.8390625 0.01640625 0.034375 0.0328125
1 0.89765625 0.278125 0.02890625 0.0421875
1 0.540625 0.4578125 0.05625 0.04453125
1 0.65 0.59375 0.03359375 0.0359375
1 0.67109375 0.57265625 0.03359375 0.03359375
1 0.46953125 0.83515625 0.03125 0.04453125
1 0.82890625 0.6953125 0.0375 0.03359375
1 0.909375 0.53203125 0.03515625 0.053125
1 0.54140625 0.93828125 0.075 0.05
1 0.62265625 0.87734375 0.04609375 0.04453125
1 0.475 0.75859375 0.04609375 0.053125
1 0.62109375 0.65078125 0.03359375 0.0390625
1 0.559375 0.496875 0.03984375 0.0390625
1 0.52578125 0.315625 0.03515625 0.05
1 0.853125 0.09375 0.03125 0.0421875
1 0.93359375 0.35078125 0.0375 0.053125
1 0.96015625 0.38828125 0.0375 0.06171875
1 0.65703125 0.43125 0.04765625 0.05859375
1 0.70078125 0.52109375 0.05234375 0.053125
1 0.80859375 0.6453125 0.05 0.04453125
1 0.51015625 0.4109375 0.04609375 0.04453125