2 0.60234375 0.57109375 0.0421875 0.0265625
2 0.70625 0.63671875 0.07109375 0.046875
2 0.65703125 0.6609375 0.03671875 0.0328125
2 0.61640625 0.6234375 0.06875 0.0375
2 0.5359375 0.58828125 0.0421875 0.015625
2 0.5234375 0.63359375 0.046875 0.04453125
2 0.47109375 0.6375 0.0296875 0.03125
2 0.38828125 0.6703125 0.0515625 0.05078125
2 0.4421875 0.7375 0.0125 0.01328125
2 0.515625 0.703125 0.04921875 0.0515625
2 0.5671875 0.68671875 0.04921875 0.03515625
2 0.5765625 0.74140625 0.0296875 0.0375
2 0.52265625 0.38984375 0.01484375 0.01796875
2 0.5734375 0.34296875 0.06171875 0.04453125
2 0.51875 0.56171875 0.046875 0.0359375
2 0.471875 0.928125 0.05 0.03359375
2 0.51171875 0.8640625 0.06171875 0.04296875
2 0.603125 0.5328125 0.05078125 0.0359375
2 0.6375 0.41171875 0.0421875 0.02890625
2 0.65390625 0.43671875 0.04453125 0.0328125
2 0.56171875 0.62734375 0.03828125 0.04296875