2 0.253125 0.08984375 0.03671875 0.0359375
2 0.39921875 0.15234375 0.059375 0.03984375
2 0.55234375 0.1375 0.04921875 0.0421875
2 0.659375 0.28046875 0.04140625 0.0359375
2 0.60625 0.31640625 0.02421875 0.03125
2 0.77734375 0.44609375 0.0515625 0.0375
2 0.85859375 0.50234375 0.046875 0.0484375
2 0.9375 0.534375 0.046875 0.0421875
2 0.9390625 0.56953125 0.03984375 0.021875
2 0.95625 0.65 0.04921875 0.05078125
2 0.84140625 0.6265625 0.046875 0.03984375
2 0.8796875 0.58984375 0.05859375 0.046875
2 0.69375 0.628125 0.0515625 0.0375
2 0.6234375 0.653125 0.04921875 0.03125
2 0.65078125 0.8359375 0.06875 0.05078125
2 0.70859375 0.83515625 0.04140625 0.04921875
2 0.765625 0.73671875 0.0515625 0.03828125
2 0.8375 0.6953125 0.034375 0.04453125
2 0.896875 0.7453125 0.04921875 0.0375
2 0.9328125 0.7921875 0.046875 0.0375
2 0.925 0.8296875 0.06640625 0.05078125
2 0.775 0.8296875 0.0515625 0.03828125
2 0.8328125 0.8625 0.034375 0.0375
2 0.840625 0.89375 0.04453125 0.02890625
2 0.82578125 0.9328125 0.034375 0.0265625
2 0.759375 0.92265625 0.04453125 0.0375
2 0.6828125 0.96953125 0.0546875 0.0421875
2 0.64921875 0.9203125 0.04140625 0.02890625
2 0.5265625 0.95234375 0.04140625 0.0359375