2 0.44609375 0.26015625 0.03359375 0.03828125
2 0.37109375 0.353125 0.02578125 0.05078125
2 0.384375 0.40390625 0.03203125 0.040625
2 0.35 0.42421875 0.03359375 0.0609375
2 0.53359375 0.50390625 0.0359375 0.06875
2 0.49375 0.5296875 0.04375 0.0640625
2 0.44609375 0.52109375 0.02734375 0.04609375
2 0.428125 0.54609375 0.02890625 0.04609375
2 0.44765625 0.5796875 0.02734375 0.04609375
2 0.4875 0.57421875 0.0359375 0.05625
2 0.50859375 0.6046875 0.04375 0.0453125
2 0.49921875 0.640625 0.02890625 0.040625
2 0.55 0.625 0.03203125 0.04609375
2 0.4453125 0.6421875 0.0359375 0.04375
2 0.4046875 0.66875 0.0421875 0.04609375
2 0.43125 0.69765625 0.0234375 0.03828125
2 0.425 0.728125 0.02578125 0.0328125
2 0.45390625 0.71328125 0.025 0.03828125
2 0.465625 0.6734375 0.02890625 0.040625
2 0.49296875 0.69921875 0.02890625 0.040625
2 0.4921875 0.73828125 0.01015625 0.04296875
2 0.50703125 0.7453125 0.03046875 0.040625
2 0.4984375 0.7765625 0.03359375 0.0484375
2 0.46328125 0.75625 0.0375 0.0484375
2 0.44609375 0.77890625 0.0203125 0.05390625
2 0.5390625 0.76640625 0.0234375 0.05859375
2 0.571875 0.7359375 0.02890625 0.04296875
2 0.52734375 0.8109375 0.0234375 0.040625
2 0.51328125 0.8203125 0.02890625 0.04296875
2 0.49921875 0.8546875 0.02890625 0.04609375
2 0.5390625 0.84921875 0.040625 0.07109375
2 0.55 0.8171875 0.021875 0.0328125
2 0.58984375 0.8328125 0.0234375 0.03828125
2 0.56796875 0.875 0.0203125 0.05078125