3 0.6078125 0.7640625 0.046875 0.03984375
3 0.64609375 0.79453125 0.034375 0.02890625
3 0.6578125 0.7375 0.0296875 0.04921875
3 0.69375 0.72578125 0.06171875 0.06015625
3 0.68359375 0.8140625 0.04140625 0.02421875
3 0.69765625 0.8484375 0.0546875 0.04453125
3 0.746875 0.83515625 0.03984375 0.0578125
3 0.72109375 0.909375 0.06171875 0.0421875
3 0.88671875 0.73359375 0.0640625 0.0484375
3 0.86484375 0.41875 0.04921875 0.03515625
3 0.8921875 0.378125 0.04921875 0.0484375
3 0.8046875 0.63359375 0.046875 0.03984375
3 0.8046875 0.6984375 0.03671875 0.05078125