3 0.690625 0.25703125 0.05625 0.05859375
3 0.56171875 0.2359375 0.05234375 0.040625
3 0.61796875 0.26875 0.0453125 0.05625
3 0.65703125 0.30703125 0.02890625 0.05078125
3 0.5671875 0.31328125 0.0421875 0.05859375
3 0.628125 0.371875 0.03203125 0.0890625
3 0.69609375 0.37578125 0.0390625 0.0765625
3 0.5859375 0.453125 0.04609375 0.0640625
3 0.628125 0.45234375 0.03515625 0.06640625
3 0.68125 0.475 0.046875 0.08125
3 0.65234375 0.5421875 0.04765625 0.09375
3 0.6 0.60390625 0.03359375 0.06875
3 0.6046875 0.6890625 0.03203125 0.0609375
3 0.69453125 0.7171875 0.04375 0.0609375
3 0.7421875 0.353125 0.0609375 0.10234375