2 0.8140625 0.2828125 0.06171875 0.04921875
2 0.78515625 0.36171875 0.046875 0.03828125
2 0.8109375 0.40859375 0.0390625 0.046875
2 0.69140625 0.3640625 0.03203125 0.0375
2 0.70390625 0.17578125 0.05703125 0.0375
2 0.875 0.390625 0.0390625 0.0375
2 0.88828125 0.5328125 0.04140625 0.03828125
2 0.85 0.5578125 0.0546875 0.04453125
2 0.86875 0.59765625 0.03671875 0.02265625
2 0.86640625 0.62578125 0.021875 0.0203125
2 0.834375 0.62265625 0.02734375 0.04453125
2 0.74765625 0.67109375 0.0421875 0.03984375
2 0.803125 0.68359375 0.0390625 0.0421875
2 0.7390625 0.73515625 0.034375 0.01796875
2 0.75625 0.75390625 0.059375 0.0203125
2 0.7515625 0.77421875 0.06875 0.0375
2 0.68671875 0.73671875 0.046875 0.0421875
2 0.72109375 0.8078125 0.046875 0.0203125
2 0.73828125 0.82421875 0.04140625 0.02265625
2 0.721875 0.85078125 0.04921875 0.021875
2 0.8328125 0.825 0.05390625 0.0375
2 0.8859375 0.815625 0.03671875 0.0265625
2 0.82890625 0.86640625 0.0421875 0.02265625
2 0.79453125 0.88046875 0.04140625 0.02421875
2 0.76484375 0.890625 0.03203125 0.03984375
2 0.65078125 0.93828125 0.04921875 0.05546875
2 0.80078125 0.72890625 0.034375 0.03984375