3 0.1859375 0.40546875 0.09453125 0.0390625
3 0.1953125 0.31171875 0.09453125 0.06953125
3 0.2296875 0.25390625 0.08046875 0.04296875
3 0.28515625 0.58203125 0.09921875 0.06328125
3 0.29453125 0.66328125 0.09453125 0.05625
3 0.31796875 0.7140625 0.0875 0.04296875
3 0.2125 0.7015625 0.075 0.09140625
3 0.45 0.69453125 0.075 0.0671875
3 0.41015625 0.7578125 0.1015625 0.0359375
3 0.50390625 0.7953125 0.065625 0.05078125
3 0.696875 0.5140625 0.02421875 0.03203125
3 0.4609375 0.340625 0.1265625 0.08203125
3 0.4953125 0.42578125 0.096875 0.07265625