1 0.2671875 0.746875 0.07578125 0.053125
1 0.12265625 0.3953125 0.0359375 0.05
1 0.18671875 0.4484375 0.0390625 0.05
1 0.25546875 0.3765625 0.059375 0.046875
1 0.25390625 0.4265625 0.04921875 0.05859375
1 0.2640625 0.48125 0.0359375 0.05
1 0.31328125 0.4234375 0.06875 0.05859375
1 0.32265625 0.4796875 0.0359375 0.046875
1 0.3734375 0.4953125 0.059375 0.06796875
1 0.25078125 0.546875 0.07578125 0.053125
1 0.34921875 0.58515625 0.0625 0.046875
1 0.48046875 0.56328125 0.08203125 0.05625
1 0.44296875 0.296875 0.071875 0.046875
1 0.60625 0.21640625 0.08515625 0.04375
1 0.72265625 0.3046875 0.05546875 0.05625
1 0.51015625 0.41640625 0.06875 0.04375
1 0.6 0.41328125 0.05234375 0.03828125
1 0.3953125 0.41640625 0.04296875 0.04375
1 0.440625 0.4765625 0.0359375 0.03515625
1 0.14453125 0.61015625 0.059375 0.05625
1 0.15078125 0.66875 0.04609375 0.05625
1 0.1734375 0.7203125 0.059375 0.053125
1 0.08515625 0.78671875 0.065625 0.06796875
1 0.1703125 0.8734375 0.071875 0.06484375
1 0.2296875 0.80625 0.04609375 0.05859375
1 0.465625 0.178125 0.0328125 0.05
1 0.4265625 0.18515625 0.04609375 0.053125
1 0.35546875 0.25 0.08203125 0.08203125
1 0.51015625 0.18828125 0.04921875 0.0765625
1 0.5640625 0.16796875 0.08515625 0.053125
1 0.78359375 0.15859375 0.065625 0.0703125
1 0.6625 0.28125 0.11171875 0.0734375
1 0.5046875 0.271875 0.07890625 0.05625
1 0.38359375 0.33828125 0.059375 0.04140625
1 0.31796875 0.325 0.065625 0.04375
1 0.34765625 0.36484375 0.065625 0.046875