1 0.6171875 0.01640625 0.07578125 0.02734375
1 0.16640625 0.33671875 0.06328125 0.0515625
1 0.03671875 0.4546875 0.05390625 0.02890625
1 0.065625 0.484375 0.059375 0.03046875
1 0.05234375 0.4046875 0.0734375 0.03984375
1 0.68359375 0.56015625 0.0734375 0.06640625
1 0.0890625 0.60078125 0.0953125 0.0453125
1 0.146875 0.5828125 0.08359375 0.02890625
1 0.9546875 0.30078125 0.08359375 0.0625
1 0.56640625 0.34765625 0.07734375 0.0734375
1 0.49765625 0.33984375 0.12265625 0.0734375
1 0.40390625 0.47890625 0.12109375 0.0734375
1 0.2421875 0.47890625 0.103125 0.0515625
1 0.22890625 0.53828125 0.06953125 0.06640625
1 0.18984375 0.63046875 0.08515625 0.0390625
1 0.16796875 0.72578125 0.10546875 0.071875
1 0.27578125 0.7140625 0.09921875 0.0734375
1 0.3015625 0.6421875 0.1109375 0.0734375
1 0.05859375 0.7890625 0.0890625 0.06484375
1 0.18671875 0.7984375 0.11875 0.0625
1 0.25 0.84609375 0.1109375 0.05390625
1 0.30546875 0.8859375 0.0953125 0.05703125
1 0.3859375 0.84765625 0.1015625 0.0578125
1 0.34921875 0.79609375 0.0671875 0.04296875
1 0.39765625 0.759375 0.0890625 0.04453125
1 0.4921875 0.78125 0.05546875 0.05
1 0.47421875 0.834375 0.10703125 0.06796875
1 0.4890625 0.671875 0.0734375 0.06796875
1 0.41875 0.71015625 0.09140625 0.0484375
1 0.48984375 0.60546875 0.07578125 0.05546875
1 0.41171875 0.61015625 0.10546875 0.06953125
1 0.58359375 0.6296875 0.06328125 0.0375
1 0.55859375 0.665625 0.09296875 0.0484375
1 0.54765625 0.71953125 0.10703125 0.0625
1 0.6640625 0.73203125 0.09296875 0.0484375
1 0.6171875 0.784375 0.10703125 0.04453125
1 0.7109375 0.43203125 0.0734375 0.0734375
1 0.66640625 0.6859375 0.0875 0.05234375
1 0.78984375 0.46640625 0.0515625 0.06640625
1 0.8515625 0.4671875 0.0875 0.05546875
1 0.83828125 0.37109375 0.065625 0.05703125
1 0.88828125 0.359375 0.07734375 0.05546875
1 0.8296875 0.28359375 0.09140625 0.04140625
1 0.921875 0.46015625 0.04140625 0.0484375
1 0.95859375 0.44765625 0.06328125 0.0375
1 0.88671875 0.525 0.0796875 0.0734375
1 0.9453125 0.51484375 0.04921875 0.04140625
1 0.9671875 0.54375 0.0578125 0.0328125
1 0.790625 0.58125 0.0734375 0.05390625
1 0.85546875 0.6078125 0.06328125 0.02890625
1 0.78203125 0.6359375 0.09921875 0.0609375
1 0.75078125 0.6671875 0.0578125 0.0375
1 0.8015625 0.696875 0.0953125 0.04453125