3 0.6984375 0.3390625 0.03046875 0.0484375
3 0.54375 0.2546875 0.015625 0.03828125
3 0.6859375 0.47265625 0.021875 0.04609375
3 0.71171875 0.54296875 0.0234375 0.0484375
3 0.6203125 0.59609375 0.0203125 0.03828125
3 0.596875 0.57421875 0.0171875 0.0453125
3 0.59921875 0.734375 0.03203125 0.05078125
3 0.59765625 0.82734375 0.02578125 0.03828125
3 0.63828125 0.79296875 0.02890625 0.02578125
3 0.6453125 0.82265625 0.02890625 0.0328125
3 0.68828125 0.76171875 0.03046875 0.03359375
3 0.70390625 0.78984375 0.021875 0.0328125
3 0.73203125 0.78046875 0.02734375 0.04609375
3 0.68046875 0.709375 0.01875 0.05078125
3 0.65859375 0.71328125 0.015625 0.04296875
3 0.7140625 0.45859375 0.025 0.0484375
3 0.6125 0.2015625 0.02578125 0.04375