3 0.5234375 0.32734375 0.04140625 0.03125
3 0.70625 0.23515625 0.0171875 0.03359375
3 0.79453125 0.3703125 0.03671875 0.0375
3 0.275 0.54375 0.03671875 0.0421875
3 0.34140625 0.7265625 0.03671875 0.021875
3 0.42890625 0.7984375 0.034375 0.03359375
3 0.47578125 0.7984375 0.01953125 0.02421875
3 0.478125 0.6953125 0.025 0.0265625
3 0.4953125 0.8796875 0.01484375 0.01796875
3 0.38515625 0.66875 0.034375 0.04453125
3 0.3375 0.62890625 0.04921875 0.0484375
3 0.59765625 0.70625 0.03203125 0.03515625
3 0.57578125 0.7953125 0.02734375 0.0359375
3 0.5203125 0.7796875 0.034375 0.03984375
3 0.346875 0.66640625 0.03671875 0.03515625