1 0.6859375 0.3234375 0.059375 0.05859375
1 0.63984375 0.259375 0.059375 0.05859375
1 0.68828125 0.2109375 0.0734375 0.08046875
1 0.56640625 0.35546875 0.059375 0.090625
1 0.628125 0.43046875 0.0546875 0.05859375
1 0.5984375 0.48359375 0.04140625 0.0484375
1 0.63046875 0.52109375 0.05078125 0.05859375
1 0.303125 0.37734375 0.04609375 0.0484375
1 0.3875 0.55625 0.04140625 0.0640625
1 0.34609375 0.55625 0.04140625 0.053125
1 0.45859375 0.56953125 0.04609375 0.05859375
1 0.696875 0.4515625 0.04609375 0.05859375
1 0.52734375 0.7140625 0.0734375 0.05859375
1 0.45390625 0.93046875 0.0640625 0.053125
1 0.31640625 0.88203125 0.02734375 0.0640625
1 0.3921875 0.76171875 0.05078125 0.05859375
1 0.59609375 0.77578125 0.04609375 0.053125
1 0.6375 0.72421875 0.0546875 0.05859375
1 0.92421875 0.73515625 0.04140625 0.05859375
1 0.91953125 0.8046875 0.059375 0.090625
1 0.621875 0.203125 0.05078125 0.053125
1 0.51640625 0.24296875 0.078125 0.06953125
1 0.5203125 0.31015625 0.059375 0.053125
1 0.4125 0.353125 0.0640625 0.0640625
1 0.534375 0.428125 0.06875 0.0640625
1 0.525 0.5375 0.06875 0.05859375
1 0.5140625 0.6390625 0.0546875 0.08046875
1 0.58046875 0.5828125 0.04140625 0.0640625
1 0.6421875 0.60703125 0.0546875 0.06953125
1 0.6859375 0.6734375 0.03203125 0.0640625
1 0.7296875 0.646875 0.0546875 0.075
1 0.4796875 0.71953125 0.059375 0.05859375
1 0.440625 0.75703125 0.0640625 0.05859375
1 0.4265625 0.61796875 0.0546875 0.0484375
1 0.35078125 0.6765625 0.05078125 0.06953125
1 0.3828125 0.94140625 0.05078125 0.075
1 0.70625 0.7859375 0.0640625 0.075
1 0.84375 0.66328125 0.04609375 0.04296875
1 0.8140625 0.5453125 0.05078125 0.04296875
1 0.42421875 0.81796875 0.04140625 0.0640625
1 0.5203125 0.909375 0.04140625 0.053125
1 0.5296875 0.94375 0.04140625 0.0375
1 0.5546875 0.86640625 0.02734375 0.053125
1 0.56640625 0.9171875 0.04140625 0.0484375
1 0.5828125 0.9515625 0.03671875 0.04296875
1 0.61015625 0.91171875 0.04609375 0.0484375
1 0.5875 0.88515625 0.03671875 0.0484375
1 0.31171875 0.759375 0.03671875 0.04296875
1 0.328125 0.8125 0.04140625 0.053125
1 0.3625 0.871875 0.04609375 0.075
1 0.42890625 0.48671875 0.03203125 0.0640625
1 0.46328125 0.48671875 0.0546875 0.04296875
1 0.43828125 0.42265625 0.05078125 0.053125
1 0.5 0.36875 0.0640625 0.053125