3 0.496875 0.8296875 0.03671875 0.03359375
3 0.340625 0.22734375 0.025 0.01796875
3 0.33203125 0.74921875 0.03203125 0.03984375
3 0.36171875 0.86484375 0.05703125 0.0203125
3 0.36875 0.89609375 0.0421875 0.02890625
3 0.41171875 0.9125 0.03984375 0.03125
3 0.328125 0.90546875 0.034375 0.02421875
3 0.340625 0.928125 0.0296875 0.0265625
3 0.2796875 0.90390625 0.02734375 0.0265625
3 0.246875 0.8984375 0.02421875 0.046875
3 0.55703125 0.8234375 0.03984375 0.02890625
3 0.5375 0.8609375 0.034375 0.0421875
3 0.58203125 0.86171875 0.03984375 0.0265625