1 0.8015625 0.16484375 0.053125 0.08203125
1 0.58203125 0.27421875 0.03984375 0.07578125
1 0.58046875 0.3453125 0.03984375 0.0609375
1 0.5953125 0.51484375 0.0546875 0.07265625
1 0.6390625 0.49375 0.03984375 0.06640625
1 0.69921875 0.4515625 0.05859375 0.0484375
1 0.521875 0.4375 0.0359375 0.08203125
1 0.490625 0.596875 0.0453125 0.02421875
1 0.53046875 0.67734375 0.05625 0.0578125
1 0.5359375 0.72421875 0.0453125 0.0484375
1 0.553125 0.76484375 0.0375 0.06328125
1 0.52421875 0.76796875 0.03046875 0.0515625
1 0.628125 0.7953125 0.03046875 0.0390625
1 0.6609375 0.81796875 0.03984375 0.07265625
1 0.6453125 0.8625 0.03046875 0.0453125
1 0.659375 0.91328125 0.046875 0.0453125
1 0.5859375 0.86484375 0.03203125 0.06328125
1 0.54609375 0.9109375 0.04375 0.07578125
1 0.75078125 0.9515625 0.04140625 0.07265625
1 0.86796875 0.9015625 0.0453125 0.0515625
1 0.8 0.7578125 0.06015625 0.0546875
1 0.48125 0.196875 0.03359375 0.0546875
1 0.42734375 0.1578125 0.03984375 0.06640625
1 0.371875 0.21484375 0.03359375 0.0484375
1 0.40390625 0.26953125 0.03359375 0.0609375
1 0.36796875 0.31953125 0.04921875 0.1
1 0.2546875 0.246875 0.0375 0.06328125
1 0.3046875 0.23515625 0.04375 0.07578125
1 0.31328125 0.1484375 0.0640625 0.07890625
1 0.21640625 0.0984375 0.05078125 0.07578125
1 0.17578125 0.046875 0.053125 0.06328125
1 0.49453125 0.11953125 0.0453125 0.06953125
1 0.6984375 0.27265625 0.04921875 0.07265625
1 0.65390625 0.36484375 0.05859375 0.06953125
1 0.63046875 0.43203125 0.0078125 0.01484375
1 0.69609375 0.52734375 0.04140625 0.0609375
1 0.703125 0.63046875 0.04375 0.07890625
1 0.7375 0.77109375 0.04140625 0.06953125
1 0.603125 0.7421875 0.03203125 0.07890625
1 0.54921875 0.58203125 0.071875 0.11484375
1 0.4953125 0.82890625 0.028125 0.06953125
1 0.38046875 0.7515625 0.03984375 0.07265625
1 0.3578125 0.48515625 0.028125 0.07890625
1 0.44453125 0.33671875 0.0359375 0.0484375
1 0.07890625 0.209375 0.07578125 0.11484375
1 0.33203125 0.05625 0.05625 0.09375
1 0.45 0.040625 0.05625 0.08125
1 0.5296875 0.0421875 0.0875 0.084375
1 0.6625 0.07578125 0.0453125 0.06640625
1 0.659375 0.64375 0.03984375 0.06328125
1 0.69921875 0.91796875 0.03984375 0.07890625
1 0.653125 0.16328125 0.053125 0.07265625
1 0.759375 0.87421875 0.046875 0.07578125
1 0.2359375 0.31484375 0.0375 0.0609375
1 0.32109375 0.3625 0.0453125 0.1