2 0.521875 0.58984375 0.03671875 0.0796875
2 0.38984375 0.6453125 0.046875 0.06015625
2 0.36640625 0.59765625 0.053125 0.08515625
2 0.31484375 0.9375 0.0234375 0.0546875
2 0.353125 0.93515625 0.0265625 0.06015625
2 0.43828125 0.6828125 0.05 0.06484375
2 0.646875 0.28984375 0.03984375 0.03984375
2 0.6796875 0.09765625 0.06015625 0.0546875
2 0.575 0.0203125 0.04296875 0.03984375
2 0.6234375 0.0578125 0.046875 0.08515625
2 0.58359375 0.09765625 0.053125 0.06484375
2 0.58359375 0.2078125 0.053125 0.06484375
2 0.43203125 0.2 0.03671875 0.03984375
2 0.39140625 0.19765625 0.04296875 0.075
2 0.371875 0.24765625 0.03671875 0.03515625
2 0.40859375 0.2796875 0.0296875 0.06015625
2 0.31484375 0.2625 0.03671875 0.0453125
2 0.303125 0.2078125 0.03359375 0.06484375
2 0.24296875 0.5203125 0.053125 0.06015625
2 0.56484375 0.2875 0.03671875 0.075
2 0.48671875 0.4453125 0.053125 0.06015625
2 0.53984375 0.43515625 0.046875 0.03984375
2 0.41640625 0.35 0.03359375 0.03984375
2 0.58828125 0.1546875 0.04296875 0.06015625
2 0.51328125 0.2421875 0.03984375 0.0546875
2 0.4703125 0.31015625 0.06015625 0.08984375
2 0.496875 0.375 0.046875 0.0703125
2 0.425 0.39765625 0.0296875 0.0546875
2 0.3953125 0.4421875 0.05 0.075
2 0.3796875 0.3328125 0.03359375 0.0546875
2 0.353125 0.31015625 0.03359375 0.06015625
2 0.31328125 0.4796875 0.03984375 0.0796875
2 0.24140625 0.3625 0.04296875 0.06484375
2 0.396875 0.8171875 0.046875 0.075
2 0.4515625 0.93984375 0.06328125 0.08984375