3 0.62734375 0.56796875 0.0515625 0.0421875
3 0.66015625 0.68203125 0.04375 0.053125
3 0.734375 0.65546875 0.0546875 0.03984375
3 0.73203125 0.68671875 0.0546875 0.03984375
3 0.70625 0.7796875 0.03671875 0.03125
3 0.80859375 0.62265625 0.04921875 0.04453125
3 0.5765625 0.79609375 0.05390625 0.03828125
3 0.640625 0.853125 0.034375 0.04453125
3 0.6703125 0.83828125 0.04453125 0.059375
3 0.40546875 0.8953125 0.0421875 0.0265625
3 0.4921875 0.94921875 0.06171875 0.03359375
3 0.746875 0.840625 0.0640625 0.02421875