2 0.20078125 0.1078125 0.04140625 0.03125
2 0.53828125 0.29453125 0.03203125 0.03984375
2 0.634375 0.265625 0.05625 0.04453125
2 0.4109375 0.0859375 0.04140625 0.03984375
2 0.53515625 0.0203125 0.06875 0.03828125
2 0.61171875 0.04140625 0.0546875 0.0578125
2 0.18515625 0.18984375 0.034375 0.0265625
2 0.28984375 0.27421875 0.046875 0.03984375
2 0.24453125 0.2390625 0.04921875 0.03984375
2 0.21875 0.40078125 0.046875 0.053125
2 0.3546875 0.5078125 0.04453125 0.0421875
2 0.26796875 0.63984375 0.0765625 0.075
2 0.1484375 0.61796875 0.0296875 0.03984375
2 0.0671875 0.58671875 0.04453125 0.03125
2 0.1078125 0.62109375 0.02734375 0.02421875
2 0.22734375 0.76015625 0.05390625 0.053125
2 0.09765625 0.7453125 0.0421875 0.0375
2 0.14453125 0.7796875 0.03671875 0.04453125
2 0.09765625 0.8 0.03203125 0.03515625
2 0.05234375 0.7234375 0.04453125 0.0421875
2 0.04375 0.7734375 0.04140625 0.04453125
2 0.1296875 0.85390625 0.046875 0.0421875
2 0.228125 0.9359375 0.05625 0.046875
2 0.3203125 0.91171875 0.0203125 0.05078125
2 0.20859375 0.88046875 0.0515625 0.02890625