2 0.29140625 0.6 0.078125 0.04375
2 0.2640625 0.49453125 0.1015625 0.04609375
2 0.3046875 0.45234375 0.0828125 0.02421875
2 0.365625 0.503125 0.0625 0.02890625
2 0.4078125 0.41171875 0.0828125 0.04375
2 0.66015625 0.3921875 0.07421875 0.02890625
2 0.69140625 0.35390625 0.075 0.03125
2 0.83515625 0.42265625 0.1171875 0.0484375
2 0.7234375 0.2953125 0.05234375 0.0328125
2 0.76484375 0.340625 0.0796875 0.03984375
2 0.51015625 0.40703125 0.0578125 0.0265625
2 0.45859375 0.46484375 0.10546875 0.03125
2 0.559375 0.52890625 0.078125 0.06171875
2 0.4390625 0.33671875 0.075 0.04609375
2 0.63828125 0.28828125 0.0625 0.04609375
2 0.8171875 0.28828125 0.08984375 0.0296875
2 0.546875 0.35390625 0.0390625 0.03984375
2 0.61484375 0.43515625 0.078125 0.04609375
2 0.64765625 0.52421875 0.06640625 0.03515625
2 0.67421875 0.6265625 0.0640625 0.04921875
2 0.5140625 0.61328125 0.09140625 0.053125