1 0.25 0.06171875 0.0625 0.04921875
1 0.3328125 0.03984375 0.08515625 0.0640625
1 0.265625 0.17109375 0.059375 0.05546875
1 0.54296875 0.3296875 0.07421875 0.03515625
1 0.42890625 0.51796875 0.0953125 0.0578125
1 0.36875 0.62421875 0.0796875 0.04921875
1 0.234375 0.59609375 0.04765625 0.05546875
1 0.2859375 0.67109375 0.06796875 0.04921875
1 0.125 0.47421875 0.07421875 0.05546875
1 0.33359375 0.30234375 0.1453125 0.0359375
1 0.278125 0.24375 0.0578125 0.03828125
1 0.109375 0.34921875 0.05390625 0.04453125
1 0.1953125 0.4953125 0.0765625 0.0671875
1 0.5046875 0.35234375 0.0546875 0.05078125
1 0.54140625 0.38203125 0.0421875 0.04453125
1 0.3953125 0.46015625 0.07421875 0.02734375
1 0.49453125 0.4703125 0.05234375 0.0640625
1 0.53828125 0.45703125 0.025 0.05078125
1 0.52265625 0.54609375 0.06796875 0.04921875
1 0.475 0.584375 0.0390625 0.04453125
1 0.37578125 0.5703125 0.08828125 0.05546875
1 0.49296875 0.17578125 0.0546875 0.0640625
1 0.5515625 0.1765625 0.0390625 0.0578125
1 0.56484375 0.0875 0.06484375 0.0703125
1 0.45703125 0.13125 0.05625 0.0421875
1 0.3890625 0.17421875 0.021875 0.021875
1 0.36484375 0.21875 0.08828125 0.04765625
1 0.4546875 0.040625 0.10859375 0.0796875
1 0.2484375 0.18515625 0.025 0.01875
1 0.19375 0.13828125 0.07421875 0.053125
1 0.5625 0.27265625 0.1015625 0.05546875
1 0.2234375 0.55625 0.0640625 0.03515625
1 0.30078125 0.4921875 0.0453125 0.0390625
1 0.37890625 0.41171875 0.05390625 0.0328125
1 0.2921875 0.3640625 0.059375 0.0390625
1 0.40390625 0.35234375 0.05625 0.0359375
1 0.46484375 0.3046875 0.05390625 0.028125
1 0.4640625 0.21796875 0.0578125 0.03125
1 0.27578125 0.13125 0.05390625 0.0390625
1 0.321875 0.146875 0.04921875 0.03671875
1 0.3734375 0.15234375 0.0390625 0.0421875
1 0.11953125 0.540625 0.0625 0.0359375
1 0.275 0.56484375 0.0578125 0.03046875
1 0.28515625 0.60234375 0.0640625 0.03359375
1 0.42578125 0.62265625 0.05234375 0.03046875
1 0.434375 0.58671875 0.05078125 0.05
1 0.5875 0.5015625 0.05390625 0.03125
1 0.609375 0.4703125 0.05078125 0.03671875
1 0.58984375 0.4015625 0.0609375 0.046875
1 0.40625 0.2671875 0.05078125 0.05859375
1 0.43828125 0.17578125 0.0421875 0.03046875
1 0.0203125 0.653125 0.040625 0.03671875