1 0.94296875 0.36796875 0.078125 0.053125
1 0.9546875 0.296875 0.08203125 0.05
1 0.86640625 0.2875 0.07109375 0.06484375
1 0.51875 0.16640625 0.06875 0.06015625
1 0.496875 0.265625 0.078125 0.071875
1 0.40703125 0.340625 0.0625 0.0515625
1 0.35859375 0.3859375 0.0734375 0.0546875
1 0.6109375 0.371875 0.10703125 0.053125
1 0.50234375 0.41484375 0.053125 0.053125
1 0.6203125 0.4640625 0.0796875 0.071875
1 0.85 0.4515625 0.06875 0.053125
1 0.68203125 0.53515625 0.0796875 0.053125
1 0.51328125 0.53046875 0.06640625 0.0484375
1 0.584375 0.57109375 0.0796875 0.06171875
1 0.45234375 0.58359375 0.078125 0.06015625
1 0.24296875 0.53828125 0.06875 0.05
1 0.3109375 0.65390625 0.10703125 0.0515625
1 0.8953125 0.77578125 0.12421875 0.078125
1 0.38125 0.1375 0.08203125 0.0515625
1 0.396875 0.209375 0.0640625 0.0453125
1 0.65234375 0.103125 0.05546875 0.03984375
1 0.74140625 0.278125 0.0734375 0.06640625
1 0.58359375 0.2765625 0.06875 0.046875
1 0.4921875 0.3375 0.0734375 0.0484375
1 0.39765625 0.5109375 0.07578125 0.03828125
1 0.36796875 0.56484375 0.05078125 0.0734375
1 0.8078125 0.5203125 0.08203125 0.053125
1 0.72109375 0.453125 0.078125 0.053125
1 0.8546875 0.615625 0.078125 0.0953125
1 0.92109375 0.56484375 0.08671875 0.0765625
1 0.7 0.61484375 0.09765625 0.0703125
1 0.5953125 0.621875 0.0578125 0.03984375
1 0.5796875 0.6546875 0.09765625 0.0765625
1 0.63125 0.7125 0.09296875 0.071875
1 0.4953125 0.66015625 0.0625 0.053125
1 0.42578125 0.73671875 0.078125 0.053125
1 0.63984375 0.8203125 0.115625 0.0703125
1 0.32890625 0.3 0.0578125 0.03671875
1 0.32109375 0.26796875 0.0734375 0.03671875
1 0.903125 0.19453125 0.05546875 0.03828125
1 0.865625 0.22890625 0.078125 0.0515625
1 0.334375 0.49140625 0.046875 0.053125
1 0.6890625 0.14453125 0.0625 0.03203125
1 0.91796875 0.021875 0.0890625 0.04296875
1 0.82890625 0.375 0.04921875 0.05
1 0.753125 0.353125 0.07578125 0.05703125
1 0.97109375 0.465625 0.053125 0.0484375
1 0.63359375 0.30390625 0.053125 0.03828125
1 0.571875 0.33984375 0.05546875 0.03984375
1 0.54765625 0.225 0.0640625 0.03984375
1 0.571875 0.1359375 0.05078125 0.03515625
1 0.31796875 0.35234375 0.0625 0.0484375
1 0.5078125 0.7375 0.05078125 0.03515625
1 0.55859375 0.7625 0.0640625 0.0484375
1 0.28203125 0.7421875 0.04921875 0.0453125
1 0.71640625 0.70078125 0.05546875 0.04140625
1 0.95546875 0.68359375 0.0578125 0.046875
1 0.746875 0.7484375 0.0890625 0.05703125
1 0.78359375 0.1734375 0.078125 0.053125
1 0.84765625 0.74296875 0.10859375 0.046875
1 0.51796875 0.8140625 0.09765625 0.08515625