3 0.31171875 0.2453125 0.04609375 0.05
3 0.321875 0.33359375 0.0875 0.065625
3 0.20859375 0.384375 0.05703125 0.034375
3 0.325 0.47890625 0.0515625 0.03828125
3 0.44609375 0.5421875 0.04609375 0.0421875
3 0.28359375 0.58515625 0.071875 0.065625
3 0.40703125 0.60625 0.0828125 0.05390625
3 0.50234375 0.65078125 0.09765625 0.0890625
3 0.46171875 0.73359375 0.0875 0.03828125
3 0.46171875 0.83203125 0.07734375 0.0578125
3 0.7296875 0.196875 0.0875 0.05390625
3 0.765625 0.67734375 0.07734375 0.0421875