1 0.5 0.19453125 0.0375 0.0609375
1 0.47109375 0.19765625 0.02734375 0.0453125
1 0.43125 0.18984375 0.021875 0.04765625
1 0.36484375 0.19140625 0.04375 0.0453125
1 0.39296875 0.2171875 0.03203125 0.04296875
1 0.42578125 0.25546875 0.0203125 0.025
1 0.43984375 0.2984375 0.02890625 0.04765625
1 0.48515625 0.27578125 0.040625 0.04296875
1 0.3140625 0.24765625 0.02421875 0.04453125
1 0.31015625 0.31328125 0.0390625 0.04453125
1 0.2890625 0.334375 0.040625 0.0609375
1 0.41484375 0.34765625 0.03515625 0.0296875
1 0.44453125 0.35390625 0.01328125 0.040625
1 0.46953125 0.371875 0.02734375 0.03125
1 0.459375 0.4890625 0.02734375 0.02734375
1 0.57421875 0.4125 0.04609375 0.05
1 0.20234375 0.44296875 0.04375 0.05234375
1 0.1765625 0.47734375 0.0578125 0.05
1 0.26171875 0.58828125 0.03359375 0.0453125
1 0.321875 0.5734375 0.0453125 0.0609375
1 0.4015625 0.5609375 0.06953125 0.04921875
1 0.18203125 0.63671875 0.03671875 0.04296875
1 0.3046875 0.61875 0.03515625 0.03359375
1 0.27265625 0.6421875 0.02578125 0.0453125
1 0.3046875 0.65390625 0.03828125 0.04921875
1 0.22890625 0.6765625 0.059375 0.05859375
1 0.1875 0.728125 0.04765625 0.040625
1 0.2390625 0.75859375 0.03515625 0.04296875
1 0.2296875 0.81171875 0.04375 0.0359375
1 0.225 0.88359375 0.0390625 0.0453125
1 0.28359375 0.771875 0.03671875 0.04765625
1 0.26640625 0.82265625 0.040625 0.06328125
1 0.3171875 0.75078125 0.046875 0.05390625
1 0.3390625 0.7 0.0625 0.05234375
1 0.37734375 0.671875 0.04921875 0.0359375
1 0.39765625 0.71796875 0.0390625 0.05234375
1 0.45 0.6796875 0.01875 0.025
1 0.48359375 0.72578125 0.040625 0.05390625
1 0.4140625 0.8484375 0.03671875 0.03828125
1 0.3328125 0.84609375 0.04765625 0.04296875
1 0.5265625 0.58828125 0.05234375 0.0671875
1 0.3875 0.465625 0.02890625 0.040625
1 0.37734375 0.5203125 0.034375 0.046875
1 0.20234375 0.54375 0.0265625 0.028125
1 0.1640625 0.57109375 0.028125 0.034375
1 0.309375 0.89296875 0.0328125 0.03984375
1 0.34453125 0.9140625 0.03515625 0.04140625
1 0.13984375 0.73671875 0.03125 0.03671875
1 0.48515625 0.62734375 0.03359375 0.04296875
1 0.38515625 0.8109375 0.04453125 0.0546875
1 0.23359375 0.60859375 0.034375 0.0375
1 0.16796875 0.5140625 0.0328125 0.04453125