1 0.61640625 0.23984375 0.05625 0.03671875
1 0.709375 0.2171875 0.04765625 0.0296875
1 0.5484375 0.21328125 0.06796875 0.0515625
1 0.7734375 0.29375 0.0625 0.04921875
1 0.6046875 0.303125 0.103125 0.0640625
1 0.475 0.2640625 0.06796875 0.06015625
1 0.5828125 0.3703125 0.08984375 0.07421875
1 0.6890625 0.371875 0.1234375 0.0640625
1 0.653125 0.459375 0.059375 0.03359375
1 0.61484375 0.52265625 0.04765625 0.03125
1 0.4515625 0.47734375 0.06796875 0.04921875
1 0.43828125 0.778125 0.0765625 0.03828125
1 0.70234375 0.7078125 0.09140625 0.046875
1 0.69921875 0.76328125 0.07421875 0.05546875
1 0.60625 0.734375 0.059375 0.04921875
1 0.83359375 0.6859375 0.0640625 0.04765625
1 0.75390625 0.2171875 0.02890625 0.046875
1 0.578125 0.4453125 0.0609375 0.04921875
1 0.5671875 0.5171875 0.059375 0.06015625
1 0.51953125 0.584375 0.06796875 0.040625
1 0.61640625 0.65625 0.0390625 0.0296875
1 0.496875 0.62265625 0.0578125 0.06015625
1 0.52265625 0.72265625 0.096875 0.05546875
1 0.4171875 0.684375 0.0953125 0.08515625
1 0.2546875 0.709375 0.0578125 0.06015625
1 0.2296875 0.63671875 0.06796875 0.05546875
1 0.79921875 0.603125 0.0453125 0.06015625
1 0.71640625 0.55703125 0.05078125 0.05
1 0.79609375 0.49921875 0.07421875 0.0546875
1 0.93828125 0.42109375 0.0796875 0.06015625
1 0.4921875 0.8875 0.09140625 0.0515625
1 0.2875 0.828125 0.0828125 0.053125
1 0.32890625 0.55703125 0.0578125 0.040625
1 0.2953125 0.465625 0.1015625 0.046875
1 0.3375 0.32734375 0.06953125 0.02734375
1 0.278125 0.35 0.0609375 0.05234375
1 0.2 0.4953125 0.04609375 0.0578125
1 0.215625 0.590625 0.05234375 0.03359375
1 0.20078125 0.38203125 0.04765625 0.04375
1 0.2171875 0.328125 0.04609375 0.065625
1 0.4296875 0.62578125 0.04765625 0.03359375
1 0.49453125 0.78671875 0.04609375 0.0328125
1 0.4703125 0.828125 0.0625 0.03828125
1 0.3625 0.73984375 0.0578125 0.04453125
1 0.56796875 0.80390625 0.06640625 0.04140625
1 0.6078125 0.90078125 0.059375 0.03671875
1 0.684375 0.859375 0.08125 0.04609375
1 0.73125 0.6421875 0.05625 0.0359375
1 0.90234375 0.57109375 0.059375 0.04453125
1 0.71875 0.44140625 0.0578125 0.03671875
1 0.69453125 0.28515625 0.0578125 0.04609375
1 0.86875 0.33359375 0.06796875 0.0359375
1 0.2984375 0.59609375 0.0609375 0.03515625
1 0.4375 0.89765625 0.0640625 0.0328125
1 0.703125 0.9203125 0.07265625 0.0390625
1 0.7546875 0.821875 0.05234375 0.0421875
1 0.7796875 0.678125 0.04921875 0.040625
1 0.246875 0.51796875 0.06796875 0.040625
1 0.8890625 0.46875 0.0625 0.04609375
1 0.86796875 0.5140625 0.0578125 0.05234375
1 0.2546875 0.77734375 0.06640625 0.0515625
1 0.36328125 0.796875 0.0625 0.0359375
1 0.31015625 0.503125 0.040625 0.03046875
1 0.66796875 0.5125 0.0640625 0.0421875