3 0.8078125 0.29375 0.059375 0.03515625
3 0.79296875 0.190625 0.07109375 0.0375
3 0.68515625 0.2046875 0.06171875 0.03359375
3 0.63515625 0.2328125 0.04453125 0.0421875
3 0.68828125 0.2484375 0.03828125 0.0375
3 0.59765625 0.46484375 0.059375 0.0359375
3 0.46796875 0.5140625 0.02890625 0.04453125
3 0.5546875 0.521875 0.03828125 0.05078125
3 0.6125 0.534375 0.06484375 0.06875
3 0.5859375 0.575 0.11796875 0.04453125
3 0.64609375 0.640625 0.08046875 0.02890625
3 0.51953125 0.65 0.05 0.0375
3 0.5875 0.6734375 0.08515625 0.053125
3 0.53515625 0.2890625 0.06484375 0.02421875
3 0.56953125 0.3515625 0.07421875 0.03984375
3 0.6421875 0.38046875 0.07578125 0.0625