1 0.078125 0.38984375 0.0515625 0.04453125
1 0.13515625 0.31875 0.046875 0.021875
1 0.1421875 0.35859375 0.08125 0.03984375
1 0.05078125 0.45390625 0.06171875 0.03125
1 0.05 0.51328125 0.0390625 0.03984375
1 0.0609375 0.54140625 0.0421875 0.02890625
1 0.09453125 0.5515625 0.04921875 0.04453125
1 0.13828125 0.51484375 0.04921875 0.0375
1 0.1484375 0.56484375 0.059375 0.03984375
1 0.096875 0.59375 0.059375 0.0265625
1 0.0609375 0.61796875 0.046875 0.03125
1 0.078125 0.65 0.04140625 0.0375
1 0.11484375 0.61796875 0.021875 0.03125
1 0.153125 0.62890625 0.0640625 0.01796875
1 0.09453125 0.6890625 0.0390625 0.03984375
1 0.1359375 0.696875 0.04453125 0.0421875
1 0.19765625 0.7 0.07421875 0.03515625
1 0.23828125 0.69765625 0.046875 0.03984375
1 0.275 0.71328125 0.03671875 0.04453125
1 0.1421875 0.74765625 0.05703125 0.03359375
1 0.09765625 0.7421875 0.07578125 0.0359375
1 0.1953125 0.73125 0.04453125 0.0359375
1 0.20625 0.7765625 0.046875 0.03359375
1 0.22578125 0.80078125 0.046875 0.02890625
1 0.28125 0.7796875 0.0546875 0.053125
1 0.1703125 0.815625 0.034375 0.02265625
1 0.22734375 0.84296875 0.05390625 0.046875
1 0.390625 0.63984375 0.0421875 0.03125
1 0.178125 0.24296875 0.0546875 0.04921875
1 0.23203125 0.1375 0.0640625 0.015625
1 0.2640625 0.1859375 0.07421875 0.0625
1 0.309375 0.1453125 0.05703125 0.053125
1 0.35625 0.1703125 0.06171875 0.0625
1 0.3921875 0.19140625 0.04453125 0.03828125
1 0.41953125 0.1546875 0.0296875 0.0484375
1 0.46328125 0.16796875 0.04375 0.04453125
1 0.49296875 0.121875 0.03984375 0.03359375
1 0.43125 0.1015625 0.04453125 0.0484375
1 0.48671875 0.084375 0.0515625 0.0421875
1 0.5421875 0.11875 0.0546875 0.03125
1 0.49921875 0.1578125 0.0421875 0.03359375
1 0.49921875 0.18671875 0.0515625 0.02421875
1 0.5421875 0.31171875 0.04921875 0.053125
1 0.57421875 0.1296875 0.03984375 0.04453125
1 0.37734375 0.09453125 0.0546875 0.0484375
1 0.56015625 0.771875 0.03984375 0.02890625
1 0.51328125 0.35390625 0.0375 0.0265625
1 0.03828125 0.5828125 0.05 0.03046875
1 0.14921875 0.66875 0.04375 0.0296875
1 0.11484375 0.6578125 0.040625 0.0296875
1 0.10546875 0.76953125 0.04453125 0.02421875
1 0.24609375 0.75703125 0.0265625 0.03203125
1 0.0390625 0.3921875 0.03984375 0.04375
1 0.575 0.159375 0.03515625 0.02578125
1 0.184375 0.2953125 0.034375 0.0359375
1 0.3828125 0.6890625 0.0546875 0.03671875