1 0.553125 0.0875 0.053125 0.06328125
1 0.39921875 0.33671875 0.07265625 0.078125
1 0.55703125 0.47734375 0.07109375 0.053125
1 0.5640625 0.7078125 0.0578125 0.0703125
1 0.528125 0.7890625 0.0234375 0.03671875
1 0.53203125 0.76171875 0.06484375 0.0453125
1 0.34921875 0.69609375 0.06953125 0.05859375
1 0.7359375 0.75859375 0.03828125 0.0515625
1 0.83046875 0.88984375 0.03515625 0.03515625
1 0.815625 0.95078125 0.0546875 0.06015625
1 0.73046875 0.37265625 0.05 0.0703125
1 0.67421875 0.465625 0.06328125 0.05
1 0.61953125 0.51640625 0.059375 0.08671875
1 0.70234375 0.565625 0.059375 0.05546875
1 0.775 0.59140625 0.03671875 0.06484375
1 0.70625 0.6171875 0.04140625 0.0484375
1 0.70546875 0.66171875 0.0890625 0.071875
1 0.5671875 0.63203125 0.09453125 0.04296875
1 0.46796875 0.57265625 0.07421875 0.10546875
1 0.359375 0.4453125 0.06953125 0.08671875
1 0.2734375 0.5140625 0.10234375 0.09140625
1 0.44921875 0.66796875 0.084375 0.06171875
1 0.49921875 0.76640625 0.01484375 0.01796875
1 0.5984375 0.85 0.04140625 0.05859375
1 0.73046875 0.84375 0.0796875 0.0546875
1 0.7921875 0.38671875 0.0546875 0.071875