1 0.5046875 0.29296875 0.1046875 0.03359375
1 0.62265625 0.38671875 0.03359375 0.04765625
1 0.5890625 0.44453125 0.05390625 0.02578125
1 0.61953125 0.51171875 0.0390625 0.02421875
1 0.6609375 0.51640625 0.04375 0.0109375
1 0.465625 0.49921875 0.06796875 0.03671875
1 0.45546875 0.43515625 0.05390625 0.03984375
1 0.34140625 0.4734375 0.0796875 0.0359375
1 0.275 0.5953125 0.084375 0.03125
1 0.19609375 0.63671875 0.0796875 0.03828125
1 0.5328125 0.52890625 0.04765625 0.0359375
1 0.584375 0.5265625 0.04921875 0.01875
1 0.64375 0.565625 0.04375 0.046875
1 0.62421875 0.5953125 0.04765625 0.03125
1 0.3859375 0.57421875 0.05625 0.0109375
1 0.43515625 0.6078125 0.05234375 0.03671875
1 0.27421875 0.66640625 0.04921875 0.071875
1 0.32265625 0.659375 0.07109375 0.04921875
1 0.3734375 0.71171875 0.04765625 0.0328125
1 0.35234375 0.78671875 0.04609375 0.0328125
1 0.5125 0.734375 0.059375 0.03828125
1 0.465625 0.73515625 0.096875 0.053125
1 0.475 0.66171875 0.05078125 0.053125
1 0.5515625 0.61484375 0.0453125 0.04375
1 0.509375 0.58671875 0.0765625 0.053125
1 0.56640625 0.5609375 0.04375 0.0328125
1 0.62265625 0.71328125 0.05625 0.02578125
1 0.64609375 0.75078125 0.0609375 0.03984375
1 0.5515625 0.88359375 0.0390625 0.03046875
1 0.5453125 0.38359375 0.05078125 0.028125
1 0.5109375 0.4265625 0.05625 0.0359375
1 0.56796875 0.6921875 0.03515625 0.0296875
1 0.534375 0.65703125 0.0625 0.03984375
1 0.35390625 0.60546875 0.04375 0.02421875
1 0.6046875 0.7828125 0.02734375 0.0328125
1 0.628125 0.79921875 0.05078125 0.03125
1 0.6875 0.809375 0.0390625 0.05078125
1 0.39765625 0.82421875 0.05625 0.0421875
1 0.3046875 0.86015625 0.059375 0.046875
1 0.5671875 0.9453125 0.0765625 0.0671875
1 0.6515625 0.8703125 0.0453125 0.028125
1 0.68515625 0.63984375 0.0453125 0.03515625
1 0.4953125 0.38671875 0.05234375 0.02734375
1 0.53515625 0.35078125 0.04375 0.03828125
1 0.4046875 0.290625 0.04609375 0.0296875
1 0.4203125 0.32421875 0.0546875 0.028125
1 0.27578125 0.48984375 0.03359375 0.0296875
1 0.3953125 0.4125 0.0625 0.0296875
1 0.49921875 0.33984375 0.04765625 0.03359375
1 0.63515625 0.93671875 0.0640625 0.03515625
1 0.69765625 0.925 0.03359375 0.0328125
1 0.725 0.88984375 0.0359375 0.0203125
1 0.56796875 0.84140625 0.04609375 0.028125
1 0.51796875 0.8421875 0.04765625 0.0359375
1 0.40703125 0.86640625 0.0546875 0.03671875
1 0.37890625 0.67734375 0.04765625 0.0296875
1 0.43203125 0.68515625 0.0375 0.0359375
1 0.528125 0.6875 0.059375 0.03828125
1 0.596875 0.36875 0.05234375 0.03125
1 0.57734375 0.6578125 0.0453125 0.03984375
1 0.4125 0.78984375 0.05078125 0.03046875
1 0.5171875 0.90234375 0.04609375 0.03359375
1 0.30078125 0.78984375 0.05390625 0.0296875
1 0.48515625 0.53828125 0.05078125 0.03359375
1 0.725 0.5953125 0.0359375 0.02734375