2 0.52265625 0.62578125 0.06875 0.05078125
2 0.53125 0.57890625 0.05625 0.05546875
2 0.7296875 0.61796875 0.06875 0.04453125
2 0.8109375 0.628125 0.0640625 0.02890625
2 0.78828125 0.678125 0.04453125 0.0359375
2 0.88046875 0.528125 0.05625 0.046875
2 0.8328125 0.509375 0.034375 0.03515625
2 0.87265625 0.40078125 0.034375 0.0578125
2 0.7640625 0.40390625 0.034375 0.02890625
2 0.45390625 0.1796875 0.034375 0.02890625
2 0.50625 0.1625 0.05703125 0.03359375
2 0.653125 0.17421875 0.04921875 0.04453125
2 0.7296875 0.1796875 0.06875 0.05546875
2 0.67734375 0.12578125 0.04453125 0.03984375
2 0.734375 0.0859375 0.059375 0.04921875
2 0.7 0.03984375 0.04921875 0.0375
2 0.6171875 0.13203125 0.071875 0.04921875
2 0.78984375 0.2828125 0.05625 0.053125
2 0.5953125 0.59375 0.046875 0.0265625
2 0.584375 0.646875 0.04453125 0.03125
2 0.7859375 0.43828125 0.0546875 0.021875
2 0.78359375 0.5046875 0.034375 0.0578125
2 0.746875 0.5625 0.06875 0.04453125
2 0.76015625 0.72890625 0.0765625 0.053125
2 0.58046875 0.08203125 0.06640625 0.06015625
2 0.41953125 0.10546875 0.0640625 0.03984375
2 0.4671875 0.06171875 0.07109375 0.0578125