1 0.50234375 0.40546875 0.0140625 0.028125
1 0.51015625 0.37734375 0.0171875 0.028125
1 0.52265625 0.37578125 0.01328125 0.0359375
1 0.48046875 0.48515625 0.02890625 0.03515625
1 0.496875 0.49765625 0.0171875 0.03515625
1 0.5078125 0.5421875 0.015625 0.0125
1 0.521875 0.5515625 0.015625 0.03046875
1 0.5046875 0.57109375 0.025 0.02578125
1 0.51015625 0.58671875 0.0234375 0.0203125
1 0.47734375 0.5578125 0.021875 0.02265625
1 0.49453125 0.60546875 0.021875 0.028125
1 0.4890625 0.6296875 0.025 0.040625
1 0.5171875 0.60703125 0.03359375 0.04609375
1 0.496875 0.6640625 0.02734375 0.0328125
1 0.4828125 0.67421875 0.01875 0.0328125
1 0.46171875 0.62890625 0.02734375 0.0328125
1 0.36015625 0.68203125 0.0234375 0.03828125
1 0.3953125 0.6640625 0.02734375 0.0328125
1 0.42421875 0.70390625 0.03359375 0.0359375
1 0.428125 0.6578125 0.03203125 0.0453125
1 0.4578125 0.665625 0.02734375 0.0203125
1 0.453125 0.68984375 0.0234375 0.0078125
1 0.525 0.5015625 0.02890625 0.028125
1 0.54375 0.53359375 0.021875 0.0359375
1 0.4625 0.5234375 0.01875 0.0359375
1 0.4828125 0.521875 0.021875 0.04296875
1 0.4578125 0.5890625 0.0234375 0.0203125
1 0.47578125 0.28203125 0.021875 0.05546875
1 0.54609375 0.46171875 0.01484375 0.0234375
1 0.53125 0.41875 0.01640625 0.01875
1 0.43125 0.49609375 0.021875 0.02421875
1 0.4015625 0.57890625 0.0171875 0.01796875
1 0.38984375 0.56796875 0.01640625 0.02109375
1 0.40625 0.69453125 0.01484375 0.01796875
1 0.3890625 0.70546875 0.015625 0.0140625
1 0.3890625 0.69296875 0.01640625 0.0140625
1 0.42421875 0.36640625 0.0171875 0.0265625
1 0.415625 0.2421875 0.01484375 0.0171875
1 0.4359375 0.2546875 0.01484375 0.015625
1 0.49609375 0.36484375 0.01328125 0.02265625
1 0.49375 0.3859375 0.015625 0.01953125
1 0.534375 0.484375 0.01484375 0.01796875
1 0.46484375 0.6921875 0.01015625 0.0171875
1 0.4875 0.69375 0.03046875 0.01875
1 0.37265625 0.69765625 0.0140625 0.02109375
1 0.421875 0.571875 0.01171875 0.01796875
1 0.3703125 0.32109375 0.01484375 0.0203125
1 0.3515625 0.39765625 0.01640625 0.025
1 0.37421875 0.38359375 0.0140625 0.02265625
1 0.5125 0.3984375 0.0125 0.02421875
1 0.48671875 0.5796875 0.01640625 0.0234375
1 0.48046875 0.60546875 0.0171875 0.02734375