2 0.1203125 0.64921875 0.03203125 0.04453125
2 0.06015625 0.6390625 0.04453125 0.0375
2 0.0890625 0.74765625 0.04921875 0.046875
2 0.02890625 0.75859375 0.03671875 0.03359375
2 0.0125 0.790625 0.0203125 0.03984375
2 0.0609375 0.8234375 0.03671875 0.03828125
2 0.15078125 0.825 0.03984375 0.03359375
2 0.10625 0.88984375 0.04453125 0.0375
2 0.26796875 0.94296875 0.04140625 0.03359375
2 0.28125 0.834375 0.04453125 0.0421875
2 0.28359375 0.8984375 0.04453125 0.03359375
2 0.1765625 0.91640625 0.0515625 0.05078125
2 0.27109375 0.784375 0.0546875 0.03125
2 0.184375 0.74765625 0.046875 0.06015625
2 0.253125 0.7265625 0.046875 0.0578125
2 0.1953125 0.47265625 0.03984375 0.02890625
2 0.2625 0.3953125 0.06640625 0.05546875
2 0.2421875 0.30625 0.04921875 0.05078125
2 0.2875 0.2796875 0.071875 0.059375
2 0.4328125 0.14921875 0.08125 0.06875
2 0.553125 0.065625 0.08125 0.0625
2 0.62265625 0.10234375 0.02734375 0.0375