2 0.58125 0.3171875 0.0296875 0.03359375
2 0.64453125 0.2984375 0.046875 0.0484375
2 0.29453125 0.3171875 0.06171875 0.03359375
2 0.30234375 0.40859375 0.0421875 0.046875
2 0.1703125 0.48125 0.03984375 0.03359375
2 0.17265625 0.603125 0.04453125 0.03359375
2 0.196875 0.653125 0.03671875 0.03125
2 0.21953125 0.6421875 0.0390625 0.04453125
2 0.2484375 0.62578125 0.03203125 0.02890625
2 0.384375 0.5765625 0.0296875 0.0203125
2 0.39453125 0.6515625 0.0296875 0.02265625
2 0.37265625 0.67578125 0.0296875 0.03125
2 0.40234375 0.67578125 0.0296875 0.02265625
2 0.38203125 0.69453125 0.0296875 0.0203125
2 0.38203125 0.73984375 0.03984375 0.04453125
2 0.4734375 0.68203125 0.034375 0.02265625
2 0.46875 0.70546875 0.0296875 0.02890625
2 0.3046875 0.7109375 0.02734375 0.0359375
2 0.27890625 0.65234375 0.025 0.02890625
2 0.34296875 0.8375 0.034375 0.03515625
2 0.32421875 0.8609375 0.06640625 0.0375
2 0.56796875 0.92265625 0.04140625 0.0375
2 0.55234375 0.88984375 0.0296875 0.03359375
2 0.60390625 0.8765625 0.03984375 0.03359375
2 0.425 0.7546875 0.021875 0.02421875
2 0.4265625 0.6953125 0.03984375 0.01328125
2 0.41640625 0.72421875 0.05390625 0.0359375
2 0.3203125 0.64453125 0.04921875 0.0359375
2 0.328125 0.6046875 0.05390625 0.03984375