2 0.35625 0.471875 0.04140625 0.03984375
2 0.340625 0.3875 0.03984375 0.04453125
2 0.3203125 0.3109375 0.04453125 0.05546875
2 0.69140625 0.61640625 0.06640625 0.046875
2 0.46953125 0.6625 0.0515625 0.03984375
2 0.56328125 0.7 0.03671875 0.03984375
2 0.55234375 0.734375 0.0546875 0.0421875
2 0.6171875 0.68125 0.046875 0.06015625
2 0.75625 0.69921875 0.04921875 0.046875
2 0.70703125 0.7140625 0.034375 0.02890625
2 0.75625 0.734375 0.04453125 0.03359375
2 0.60859375 0.74765625 0.04921875 0.03359375
2 0.6140625 0.784375 0.034375 0.04453125
2 0.62578125 0.8171875 0.04453125 0.04453125
2 0.68359375 0.83203125 0.05625 0.0375
2 0.66953125 0.77421875 0.0515625 0.0421875
2 0.671875 0.73203125 0.0515625 0.05078125
2 0.49765625 0.9671875 0.03984375 0.03828125
2 0.82578125 0.64921875 0.07421875 0.0796875
2 0.63984375 0.76953125 0.0421875 0.034375
2 0.70625 0.76953125 0.0453125 0.0359375