2 0.45078125 0.60703125 0.04453125 0.03125
2 0.4375 0.65234375 0.03203125 0.03359375
2 0.49453125 0.64765625 0.04140625 0.0328125
2 0.45 0.6921875 0.0515625 0.0421875
2 0.45390625 0.73203125 0.0296875 0.02890625
2 0.4828125 0.76640625 0.025 0.0265625
2 0.490625 0.73203125 0.0296875 0.02890625
2 0.50625 0.71015625 0.0421875 0.02890625
2 0.54609375 0.69921875 0.02734375 0.0203125
2 0.5328125 0.803125 0.0296875 0.0203125
2 0.54609375 0.82109375 0.021875 0.015625
2 0.5671875 0.85078125 0.025 0.03515625
2 0.6046875 0.82421875 0.04140625 0.03125
2 0.5828125 0.903125 0.046875 0.03359375
2 0.62890625 0.68359375 0.0296875 0.03359375
2 0.66953125 0.68203125 0.0171875 0.02265625
2 0.7421875 0.72578125 0.03984375 0.02890625
2 0.71953125 0.5421875 0.04921875 0.03125
2 0.68671875 0.62265625 0.05625 0.0484375
2 0.728125 0.40546875 0.05625 0.03984375
2 0.37265625 0.19765625 0.0296875 0.046875
2 0.49296875 0.23125 0.034375 0.0421875