2 0.59765625 0.1203125 0.04140625 0.03359375
2 0.66328125 0.07109375 0.0640625 0.046875
2 0.3453125 0.64921875 0.07421875 0.0578125
2 0.40234375 0.3328125 0.04453125 0.03359375
2 0.41640625 0.62421875 0.0640625 0.04921875
2 0.36171875 0.57265625 0.05703125 0.0515625
2 0.45703125 0.68515625 0.0171875 0.015625
2 0.43046875 0.684375 0.03203125 0.0265625
2 0.44609375 0.7390625 0.04921875 0.05078125
2 0.47109375 0.8328125 0.034375 0.0265625
2 0.46640625 0.8671875 0.04921875 0.02890625
2 0.49453125 0.68125 0.046875 0.0421875
2 0.55078125 0.70546875 0.046875 0.046875
2 0.584375 0.65703125 0.05390625 0.0375
2 0.58671875 0.74765625 0.0546875 0.046875
2 0.55078125 0.64375 0.0515625 0.046875
2 0.77734375 0.3171875 0.046875 0.05078125
2 0.7765625 0.22578125 0.04453125 0.04921875
2 0.3984375 0.93671875 0.05234375 0.03828125
2 0.33671875 0.60703125 0.0421875 0.040625
2 0.50234375 0.7296875 0.0578125 0.04609375