3 0.1671875 0.315625 0.03671875 0.03359375
3 0.065625 0.44921875 0.03203125 0.04453125
3 0.228125 0.59921875 0.04140625 0.03359375
3 0.303125 0.64375 0.03984375 0.046875
3 0.3515625 0.83984375 0.03671875 0.03984375
3 0.36015625 0.87421875 0.0296875 0.03828125
3 0.24921875 0.85546875 0.0546875 0.03984375
3 0.51796875 0.91484375 0.04453125 0.04453125
3 0.57578125 0.83828125 0.03671875 0.0375
3 0.17421875 0.62578125 0.021875 0.03359375
3 0.10546875 0.6125 0.03671875 0.0421875
3 0.2125 0.66328125 0.0390625 0.0375
3 0.28984375 0.7390625 0.0171875 0.0375