2 0.41171875 0.1328125 0.06796875 0.04609375
2 0.31640625 0.18125 0.05 0.025
2 0.3625 0.20859375 0.03046875 0.046875
2 0.30703125 0.209375 0.03203125 0.03125
2 0.3578125 0.26171875 0.05703125 0.05078125
2 0.29375 0.2609375 0.053125 0.05234375
2 0.2203125 0.33203125 0.0515625 0.04609375
2 0.13359375 0.4078125 0.06171875 0.046875
2 0.3578125 0.44765625 0.06328125 0.0546875
2 0.46328125 0.5796875 0.07421875 0.0265625
2 0.47109375 0.6140625 0.07578125 0.03828125
2 0.4734375 0.66796875 0.0828125 0.0640625
2 0.66796875 0.53203125 0.06015625 0.04609375
2 0.428125 0.7390625 0.040625 0.0390625
2 0.37578125 0.81171875 0.06953125 0.04296875
2 0.38671875 0.86796875 0.06015625 0.04375
2 0.44609375 0.909375 0.05859375 0.0515625
2 0.30625 0.76875 0.053125 0.03828125
2 0.3734375 0.7671875 0.05703125 0.059375
2 0.2375 0.69375 0.0421875 0.03359375
2 0.20390625 0.65546875 0.06015625 0.05234375
2 0.07578125 0.66796875 0.0546875 0.0546875
2 0.1375 0.75078125 0.0390625 0.06171875
2 0.19453125 0.771875 0.06640625 0.05078125
2 0.090625 0.784375 0.0484375 0.03828125
2 0.06953125 0.81953125 0.0484375 0.040625
2 0.11171875 0.84921875 0.06640625 0.04609375
2 0.215625 0.85234375 0.0421875 0.0390625
2 0.25234375 0.89765625 0.0421875 0.03828125
2 0.30625 0.9 0.07109375 0.06484375
2 0.38203125 0.94765625 0.06953125 0.0484375
2 0.428125 0.96015625 0.06484375 0.04609375
2 0.3703125 0.49765625 0.05703125 0.04453125
2 0.2984375 0.51796875 0.06796875 0.0625
2 0.1875 0.55546875 0.0390625 0.04375
2 0.20703125 0.425 0.0484375 0.04921875
2 0.296875 0.8390625 0.05859375 0.05703125