1 0.4890625 0.31953125 0.04140625 0.03359375
1 0.3625 0.7109375 0.03984375 0.04921875
1 0.65703125 0.7296875 0.0515625 0.03828125
1 0.646875 0.78671875 0.04140625 0.053125
1 0.6703125 0.575 0.0390625 0.0375
1 0.5640625 0.8984375 0.04921875 0.0375
1 0.53125 0.93125 0.021875 0.06015625
1 0.55703125 0.9359375 0.025 0.0375
1 0.58203125 0.9296875 0.01953125 0.0375
1 0.55625 0.96796875 0.03203125 0.0265625
1 0.640625 0.940625 0.04453125 0.0421875
1 0.6765625 0.903125 0.0125 0.046875
1 0.64296875 0.87578125 0.059375 0.0375
1 0.58671875 0.6625 0.04921875 0.0484375
1 0.54453125 0.6953125 0.0546875 0.03984375
1 0.5328125 0.7734375 0.04921875 0.053125
1 0.5828125 0.79609375 0.046875 0.0515625
1 0.53125 0.82109375 0.04140625 0.02890625
1 0.49296875 0.8328125 0.0296875 0.0484375
1 0.42265625 0.84609375 0.0515625 0.03125
1 0.4859375 0.86875 0.04921875 0.053125
1 0.53515625 0.8640625 0.03984375 0.04453125
1 0.5734375 0.859375 0.046875 0.0484375
1 0.459375 0.9125 0.021875 0.04921875
1 0.49765625 0.9140625 0.04921875 0.046875
1 0.40703125 0.30859375 0.034375 0.0421875
1 0.45859375 0.28203125 0.0296875 0.03359375
1 0.45625 0.20703125 0.025 0.03359375
1 0.5734375 0.21640625 0.03203125 0.04453125
1 0.62109375 0.18984375 0.04453125 0.03984375
1 0.6140625 0.08359375 0.04453125 0.03125
1 0.525 0.284375 0.05390625 0.0375
1 0.54609375 0.3109375 0.04140625 0.02890625
1 0.490625 0.371875 0.059375 0.03984375
1 0.62734375 0.275 0.03671875 0.02890625
1 0.465625 0.16875 0.0296875 0.03359375
1 0.37734375 0.65 0.08359375 0.05546875
1 0.33359375 0.4421875 0.03671875 0.034375
1 0.3109375 0.38046875 0.034375 0.025
1 0.434375 0.76171875 0.034375 0.028125
1 0.31953125 0.75625 0.0375 0.0390625
1 0.3515625 0.8203125 0.03125 0.03203125
1 0.44140625 0.6734375 0.04375 0.03828125
1 0.3921875 0.1859375 0.04765625 0.0265625
1 0.76171875 0.159375 0.03671875 0.02578125
1 0.68359375 0.290625 0.04375 0.03984375
1 0.76875 0.3234375 0.04140625 0.03828125
1 0.57578125 0.1609375 0.04140625 0.0328125
1 0.50234375 0.15390625 0.0421875 0.03671875
1 0.43203125 0.2375 0.0421875 0.03046875
1 0.4765625 0.24296875 0.03984375 0.03828125
1 0.38359375 0.27578125 0.03984375 0.028125
1 0.5046875 0.20859375 0.04375 0.03203125
1 0.48359375 0.4125 0.03515625 0.03984375
1 0.68125 0.13203125 0.05859375 0.0296875
1 0.559375 0.09765625 0.03203125 0.03203125
1 0.68046875 0.17109375 0.046875 0.03515625
1 0.6796875 0.77421875 0.0375 0.0390625
1 0.7140625 0.77578125 0.05078125 0.03984375
1 0.74765625 0.89921875 0.0359375 0.0453125