1 0.6375 0.075 0.0375 0.0609375
1 0.45390625 0.521875 0.05234375 0.06875
1 0.528125 0.60859375 0.00546875 0.0125
1 0.509375 0.58984375 0.02890625 0.05078125
1 0.55 0.5703125 0.0390625 0.0484375
1 0.55390625 0.61875 0.0359375 0.07421875
1 0.58671875 0.61171875 0.0375 0.05859375
1 0.56953125 0.6796875 0.0234375 0.05859375
1 0.4328125 0.60859375 0.03046875 0.0484375
1 0.50859375 0.65625 0.0375 0.06640625
1 0.47265625 0.3515625 0.021875 0.03828125
1 0.51953125 0.3796875 0.04921875 0.053125
1 0.3984375 0.459375 0.0375 0.03046875
1 0.41171875 0.5234375 0.03203125 0.05625
1 0.4453125 0.46875 0.0359375 0.0328125
1 0.6171875 0.19921875 0.040625 0.0484375
1 0.56640625 0.32578125 0.01015625 0.02265625
1 0.5484375 0.28125 0.03203125 0.03515625
1 0.6609375 0.36328125 0.0234375 0.0515625
1 0.675 0.321875 0.03359375 0.03515625
1 0.6921875 0.11953125 0.02734375 0.04375
1 0.33515625 0.80078125 0.025 0.04296875
1 0.31015625 0.76796875 0.02421875 0.04765625
1 0.425 0.721875 0.034375 0.05
1 0.3984375 0.65546875 0.02734375 0.040625
1 0.4265625 0.6515625 0.02734375 0.03515625
1 0.4890625 0.459375 0.0265625 0.02578125
1 0.4171875 0.384375 0.03515625 0.05
1 0.4203125 0.4265625 0.05 0.0390625
1 0.50859375 0.2734375 0.03203125 0.05625
1 0.5296875 0.72734375 0.0265625 0.046875
1 0.34375 0.63359375 0.0265625 0.040625
1 0.3796875 0.721875 0.02421875 0.04375
1 0.42578125 0.7984375 0.0328125 0.0453125
1 0.459375 0.71015625 0.02265625 0.0296875
1 0.4734375 0.7390625 0.02265625 0.034375
1 0.5171875 0.8078125 0.02578125 0.0390625
1 0.4609375 0.64140625 0.0234375 0.04375
1 0.46875 0.78671875 0.02578125 0.03046875
1 0.525 0.34453125 0.0328125 0.04140625
1 0.5859375 0.1421875 0.03515625 0.05390625
1 0.634375 0.14296875 0.05703125 0.04765625
1 0.59765625 0.075 0.05 0.06640625
1 0.525 0.47734375 0.0296875 0.06015625
1 0.56328125 0.5109375 0.03984375 0.06484375
1 0.43828125 0.83671875 0.05234375 0.04765625
1 0.56796875 0.9203125 0.03125 0.03515625
1 0.5453125 0.82734375 0.034375 0.046875
1 0.5515625 0.715625 0.03515625 0.0625
1 0.5265625 0.53359375 0.034375 0.04921875
1 0.49453125 0.5453125 0.03359375 0.05546875
1 0.5015625 0.49140625 0.0359375 0.03828125
1 0.615625 0.49453125 0.0265625 0.04296875
1 0.615625 0.58046875 0.0328125 0.06015625
1 0.509375 0.71875 0.03984375 0.0390625
1 0.45703125 0.42734375 0.03125 0.040625
1 0.6796875 0.07890625 0.04765625 0.046875