2 0.48984375 0.1546875 0.0390625 0.028125
2 0.425 0.24921875 0.04375 0.03671875
2 0.4625 0.278125 0.05625 0.04453125
2 0.6359375 0.29609375 0.0875 0.04921875
2 0.75390625 0.3765625 0.0296875 0.028125
2 0.4390625 0.63125 0.05625 0.04375
2 0.8234375 0.4203125 0.0625 0.03984375
2 0.7984375 0.44921875 0.059375 0.03671875
2 0.675 0.73671875 0.05 0.025
2 0.6078125 0.73515625 0.05 0.02734375
2 0.7421875 0.3328125 0.071875 0.06015625
2 0.72734375 0.37890625 0.0578125 0.06328125
2 0.79921875 0.3546875 0.0671875 0.05078125
2 0.7578125 0.484375 0.0625 0.03515625
2 0.8171875 0.48984375 0.0625 0.05078125
2 0.709375 0.50859375 0.071875 0.03203125
2 0.72265625 0.5390625 0.0453125 0.046875
2 0.7078125 0.5765625 0.05 0.0328125
2 0.6734375 0.52734375 0.053125 0.034375
2 0.6609375 0.55625 0.05625 0.046875
2 0.58125 0.56484375 0.05 0.03046875
2 0.56640625 0.6 0.0515625 0.03046875
2 0.534375 0.56484375 0.04375 0.03046875
2 0.40234375 0.70546875 0.0421875 0.0328125
2 0.46015625 0.70078125 0.0515625 0.0375
2 0.37890625 0.734375 0.0359375 0.03046875
2 0.3921875 0.77734375 0.0625 0.04453125
2 0.45625 0.77734375 0.046875 0.03515625
2 0.49140625 0.77578125 0.0296875 0.028125
2 0.5265625 0.79140625 0.034375 0.04609375
2 0.5546875 0.76796875 0.05625 0.0421875