2 0.56328125 0.5765625 0.06171875 0.06015625
2 0.46484375 0.80078125 0.03203125 0.05078125
2 0.45625 0.609375 0.04375 0.0484375
2 0.428125 0.53515625 0.08125 0.08671875
2 0.33515625 0.56953125 0.0890625 0.053125
2 0.23828125 0.590625 0.03671875 0.0421875
2 0.20390625 0.62890625 0.0515625 0.06171875
2 0.17890625 0.565625 0.046875 0.06015625
2 0.11875 0.49296875 0.0640625 0.06484375
2 0.384375 0.14765625 0.04453125 0.0484375
2 0.48046875 0.08125 0.0640625 0.06171875
2 0.5703125 0.06015625 0.046875 0.0421875
2 0.634375 0.0859375 0.046875 0.0265625
2 0.678125 0.12578125 0.10859375 0.0265625
2 0.66015625 0.1734375 0.0734375 0.0734375
2 0.76640625 0.16484375 0.05390625 0.06015625
2 0.671875 0.26796875 0.046875 0.053125
2 0.2984375 0.64921875 0.07421875 0.06640625
2 0.36953125 0.83515625 0.05625 0.03671875
2 0.3859375 0.80546875 0.046875 0.03203125
2 0.30234375 0.675 0.04296875 0.034375