2 0.7125 0.546875 0.0640625 0.03984375
2 0.5484375 0.32734375 0.0765625 0.0625
2 0.6046875 0.2953125 0.046875 0.046875
2 0.6234375 0.17109375 0.07421875 0.06484375
2 0.24296875 0.3984375 0.090625 0.04453125
2 0.1765625 0.6203125 0.05625 0.0359375
2 0.13828125 0.6515625 0.04921875 0.0359375
2 0.15234375 0.775 0.0515625 0.0625
2 0.19296875 0.6625 0.03984375 0.03984375
2 0.2296875 0.71875 0.0640625 0.0375
2 0.26875 0.66015625 0.04453125 0.0265625
2 0.32734375 0.6703125 0.0515625 0.03828125
2 0.471875 0.6125 0.04140625 0.03359375
2 0.4078125 0.76171875 0.06171875 0.0578125
2 0.2640625 0.7875 0.0296875 0.046875
2 0.4609375 0.8515625 0.025 0.02890625
2 0.3625 0.88984375 0.06875 0.0375
2 0.37734375 0.91796875 0.059375 0.03359375
2 0.43125 0.93515625 0.034375 0.03125
2 0.475 0.940625 0.046875 0.0421875
2 0.15546875 0.6765625 0.0375 0.0296875