3 0.309375 0.26171875 0.0421875 0.02890625
3 0.37734375 0.27421875 0.04921875 0.03984375
3 0.42421875 0.26171875 0.02421875 0.02890625
3 0.265625 0.38203125 0.0421875 0.02890625
3 0.16796875 0.63125 0.0390625 0.0265625
3 0.16796875 0.68125 0.05390625 0.02421875
3 0.41953125 0.93359375 0.04453125 0.0421875
3 0.44296875 0.8859375 0.046875 0.04921875
3 0.465625 0.94609375 0.0203125 0.0359375
3 0.5328125 0.96171875 0.0390625 0.0359375
3 0.6234375 0.91484375 0.059375 0.04453125
3 0.578125 0.26875 0.03671875 0.05078125