2 0.51640625 0.20234375 0.04140625 0.0421875
2 0.653125 0.1578125 0.04921875 0.0421875
2 0.78359375 0.35625 0.04921875 0.04921875
2 0.79140625 0.40859375 0.04453125 0.0515625
2 0.8734375 0.421875 0.0515625 0.02890625
2 0.3046875 0.584375 0.05625 0.04921875
2 0.7328125 0.6171875 0.06171875 0.05078125
2 0.76171875 0.68984375 0.0546875 0.0203125
2 0.7328125 0.70859375 0.0421875 0.03125
2 0.6375 0.79453125 0.046875 0.05546875
2 0.67265625 0.75078125 0.04921875 0.0359375
2 0.69375 0.7984375 0.0515625 0.03359375
2 0.7 0.82734375 0.05390625 0.02421875
2 0.659375 0.87421875 0.05625 0.03828125
2 0.6703125 0.9171875 0.05390625 0.03515625
2 0.71328125 0.875 0.03671875 0.03984375
2 0.7515625 0.87734375 0.04921875 0.0484375
2 0.79453125 0.875 0.03203125 0.04453125
2 0.83046875 0.8453125 0.0296875 0.02890625
2 0.865625 0.81875 0.05625 0.05078125
2 0.73046875 0.7421875 0.03671875 0.03125
2 0.7390625 0.76328125 0.04921875 0.02890625
2 0.7921875 0.76796875 0.0421875 0.02890625
2 0.74921875 0.78828125 0.025 0.02265625
2 0.78515625 0.7921875 0.02734375 0.0203125
2 0.80703125 0.8234375 0.06640625 0.03359375