2 0.171875 0.4671875 0.046875 0.04453125
2 0.09765625 0.55546875 0.03671875 0.04453125
2 0.18671875 0.6015625 0.03671875 0.05078125
2 0.21015625 0.56171875 0.04921875 0.02890625
2 0.2390625 0.6515625 0.034375 0.04453125
2 0.20625 0.65234375 0.03203125 0.0203125
2 0.20390625 0.68203125 0.04140625 0.03125
2 0.184375 0.71953125 0.0171875 0.0265625
2 0.21640625 0.70546875 0.021875 0.02421875
2 0.26015625 0.68203125 0.046875 0.02265625
2 0.2640625 0.6515625 0.025 0.0265625
2 0.25625 0.70546875 0.01953125 0.03359375
2 0.31328125 0.71875 0.0296875 0.02421875
2 0.36015625 0.74296875 0.0546875 0.03828125
2 0.35 0.70859375 0.0296875 0.03984375
2 0.39921875 0.74453125 0.0546875 0.0359375
2 0.38984375 0.66875 0.01953125 0.0359375
2 0.41796875 0.64453125 0.046875 0.04921875
2 0.4484375 0.615625 0.02890625 0.03125
2 0.3171875 0.65703125 0.03203125 0.0375
2 0.375 0.628125 0.0296875 0.0421875
2 0.33515625 0.6125 0.0390625 0.03828125
2 0.29453125 0.1515625 0.02734375 0.03828125
2 0.54609375 0.18125 0.03203125 0.0484375