1 0.38515625 0.33125 0.02734375 0.04375
1 0.47734375 0.6796875 0.0359375 0.06328125
1 0.7125 0.3453125 0.0359375 0.0609375
1 0.69140625 0.240625 0.040625 0.10703125
1 0.3921875 0.2265625 0.040625 0.04375
1 0.4234375 0.32109375 0.04609375 0.0640625
1 0.4484375 0.33984375 0.03203125 0.05078125
1 0.659375 0.1796875 0.06796875 0.0609375
1 0.55234375 0.32734375 0.06796875 0.0765625
1 0.6546875 0.325 0.0609375 0.0765625
1 0.6484375 0.3796875 0.021875 0.03828125
1 0.6359375 0.41640625 0.034375 0.05078125
1 0.6015625 0.45703125 0.0375 0.04609375
1 0.571875 0.4671875 0.0390625 0.08125
1 0.45859375 0.60234375 0.05234375 0.05546875
1 0.4515625 0.56640625 0.04375 0.05078125
1 0.40703125 0.56953125 0.05078125 0.05078125
1 0.36484375 0.65234375 0.04765625 0.07890625
1 0.3984375 0.6734375 0.05390625 0.07109375
1 0.44140625 0.6953125 0.0375 0.07421875
1 0.359375 0.8875 0.0390625 0.0609375
1 0.47421875 0.77421875 0.02578125 0.06875
1 0.50546875 0.640625 0.05078125 0.07109375
1 0.59921875 0.7078125 0.03515625 0.09921875
1 0.6359375 0.7140625 0.034375 0.05625
1 0.62421875 0.65078125 0.0578125 0.0609375
1 0.6171875 0.578125 0.04375 0.05859375
1 0.6828125 0.6390625 0.04765625 0.05859375
1 0.66328125 0.55859375 0.04609375 0.0609375
1 0.67421875 0.50703125 0.03046875 0.03828125
1 0.7 0.5703125 0.040625 0.05859375
1 0.7421875 0.52109375 0.0609375 0.05078125
1 0.74296875 0.45859375 0.03203125 0.03828125
1 0.678125 0.44453125 0.05078125 0.07109375
1 0.7234375 0.4046875 0.03046875 0.05859375
1 0.365625 0.08125 0.025 0.03671875
1 0.37734375 0.53046875 0.02578125 0.03828125
1 0.39765625 0.465625 0.02421875 0.0328125
1 0.37890625 0.49609375 0.0203125 0.03046875
1 0.353125 0.38359375 0.02421875 0.034375
1 0.33046875 0.34296875 0.025 0.03046875
1 0.3640625 0.28671875 0.0328125 0.0296875
1 0.4484375 0.20234375 0.02421875 0.02421875
1 0.4609375 0.29375 0.02578125 0.0453125
1 0.47890625 0.24453125 0.0265625 0.03046875
1 0.50390625 0.159375 0.02578125 0.03671875
1 0.45234375 0.1578125 0.02734375 0.04296875
1 0.49296875 0.58203125 0.02421875 0.04921875
1 0.55546875 0.565625 0.02734375 0.0390625
1 0.51171875 0.540625 0.02421875 0.03671875
1 0.53515625 0.4828125 0.02578125 0.03515625
1 0.36171875 0.4640625 0.0265625 0.05
1 0.4296875 0.4421875 0.034375 0.0453125
1 0.43359375 0.38671875 0.04140625 0.0328125
1 0.3890625 0.38671875 0.03203125 0.034375
1 0.29765625 0.3203125 0.03125 0.04375
1 0.5421875 0.721875 0.03671875 0.0296875
1 0.3375 0.7140625 0.03203125 0.03046875
1 0.3140625 0.65625 0.02578125 0.034375
1 0.346875 0.74609375 0.02734375 0.0328125
1 0.58515625 0.3921875 0.03828125 0.04296875
1 0.71953125 0.6328125 0.0359375 0.04140625
1 0.68515625 0.71015625 0.03671875 0.0328125