2 0.553125 0.3984375 0.02734375 0.03515625
2 0.16796875 0.45625 0.04453125 0.03515625
2 0.1015625 0.4578125 0.034375 0.0578125
2 0.11796875 0.39921875 0.046875 0.02890625
2 0.146875 0.425 0.03671875 0.03515625
2 0.34765625 0.28515625 0.0296875 0.0265625
2 0.2765625 0.5859375 0.0296875 0.03828125
2 0.1484375 0.609375 0.034375 0.03515625
2 0.2125 0.625 0.0296875 0.0265625
2 0.14375 0.6390625 0.025 0.0203125
2 0.140625 0.69296875 0.03984375 0.03125
2 0.2125 0.71875 0.034375 0.0375
2 0.34453125 0.91484375 0.046875 0.0359375
2 0.3109375 0.790625 0.034375 0.03125
2 0.28828125 0.73203125 0.0296875 0.0421875
2 0.44296875 0.878125 0.0515625 0.0375
2 0.396875 0.20625 0.034375 0.02890625
2 0.4078125 0.2375 0.04140625 0.0421875
2 0.553125 0.24296875 0.03671875 0.0359375
2 0.23203125 0.65703125 0.0296875 0.0375
2 0.37578125 0.76640625 0.03671875 0.01796875
2 0.35390625 0.746875 0.03671875 0.01796875
2 0.33203125 0.7140625 0.021875 0.02890625
2 0.46953125 0.93828125 0.03203125 0.0375