2 0.52421875 0.06328125 0.0515625 0.03515625
2 0.384375 0.1234375 0.059375 0.0578125
2 0.51171875 0.66640625 0.046875 0.03125
2 0.47578125 0.62890625 0.04453125 0.03984375
2 0.45625 0.6953125 0.0640625 0.04453125
2 0.32890625 0.8453125 0.03671875 0.04609375
2 0.503125 0.86640625 0.04453125 0.04453125
2 0.640625 0.83125 0.0296875 0.0359375
2 0.07421875 0.5921875 0.01484375 0.0203125
2 0.275 0.096875 0.0515625 0.0359375
2 0.309375 0.03671875 0.06640625 0.0484375
2 0.2171875 0.21328125 0.0390625 0.05078125
2 0.11875 0.23671875 0.04453125 0.03125
2 0.1171875 0.2875 0.03671875 0.0359375
2 0.1375 0.31875 0.03671875 0.03515625
2 0.19921875 0.2796875 0.07109375 0.059375
2 0.2828125 0.16796875 0.04140625 0.03125
2 0.1078125 0.3640625 0.05625 0.0421875
2 0.08515625 0.409375 0.05625 0.04921875
2 0.18359375 0.52578125 0.021875 0.0421875
2 0.184375 0.71015625 0.05625 0.0421875
2 0.13828125 0.634375 0.04453125 0.05078125
2 0.37734375 0.628125 0.04453125 0.02890625
2 0.37578125 0.665625 0.03203125 0.05546875
2 0.14453125 0.83515625 0.06640625 0.06640625