1 0.54921875 0.340625 0.040625 0.034375
1 0.5078125 0.27109375 0.04765625 0.0578125
1 0.575 0.14453125 0.03046875 0.03046875
1 0.43984375 0.1265625 0.0421875 0.04609375
1 0.41953125 0.26796875 0.03046875 0.040625
1 0.4875 0.4 0.05390625 0.065625
1 0.4484375 0.428125 0.05078125 0.06328125
1 0.409375 0.4546875 0.0359375 0.059375
1 0.5453125 0.525 0.059375 0.08046875
1 0.4203125 0.56328125 0.040625 0.0421875
1 0.5078125 0.58046875 0.0359375 0.0734375
1 0.371875 0.50703125 0.03046875 0.0515625
1 0.33515625 0.3515625 0.03359375 0.05390625
1 0.2234375 0.321875 0.05234375 0.059375
1 0.3375 0.190625 0.04921875 0.08046875
1 0.2359375 0.2203125 0.04609375 0.0515625
1 0.33203125 0.6140625 0.0578125 0.0671875
1 0.1453125 0.36640625 0.04765625 0.0671875
1 0.29296875 0.42890625 0.03515625 0.065625
1 0.2515625 0.503125 0.05078125 0.06328125
1 0.19140625 0.50859375 0.0375 0.040625
1 0.275 0.34609375 0.03046875 0.05390625
1 0.45390625 0.3421875 0.04921875 0.0578125
1 0.37734375 0.38203125 0.04765625 0.0515625
1 0.4609375 0.51640625 0.04375 0.05546875
1 0.65 0.49453125 0.03359375 0.05390625
1 0.61171875 0.49609375 0.0375 0.03828125
1 0.70625 0.5890625 0.03046875 0.0484375
1 0.63203125 0.60546875 0.04375 0.05390625
1 0.58515625 0.62109375 0.03046875 0.065625
1 0.459375 0.6015625 0.03203125 0.03046875
1 0.5640625 0.6796875 0.0375 0.040625
1 0.38046875 0.6265625 0.0453125 0.05390625
1 0.2234375 0.5875 0.0546875 0.0671875
1 0.19296875 0.3890625 0.03515625 0.06328125
1 0.2890625 0.2375 0.06484375 0.03671875
1 0.2734375 0.275 0.05078125 0.06171875
1 0.38046875 0.28359375 0.0359375 0.06328125
1 0.39453125 0.190625 0.04609375 0.05
1 0.35546875 0.13359375 0.0359375 0.04453125
1 0.27421875 0.1375 0.06640625 0.06328125
1 0.446875 0.071875 0.04765625 0.059375
1 0.534375 0.115625 0.06484375 0.04609375
1 0.146875 0.2078125 0.03046875 0.0265625
1 0.14453125 0.284375 0.05078125 0.065625
1 0.09765625 0.16796875 0.07421875 0.0828125
1 0.1453125 0.109375 0.05234375 0.05390625
1 0.521875 0.4453125 0.0375 0.0484375
1 0.50546875 0.6484375 0.04609375 0.05
1 0.4453125 0.6796875 0.04921875 0.059375
1 0.63671875 0.6859375 0.0453125 0.04453125
1 0.7015625 0.65703125 0.04921875 0.03671875
1 0.46640625 0.1875 0.04375 0.03671875
1 0.50390625 0.21171875 0.0359375 0.04609375
1 0.7 0.2265625 0.02890625 0.034375
1 0.6453125 0.28671875 0.0421875 0.05390625
1 0.5890625 0.4390625 0.0359375 0.0484375
1 0.14140625 0.4484375 0.0359375 0.05
1 0.2375 0.39921875 0.04921875 0.0515625
1 0.0875 0.07890625 0.0421875 0.05390625
1 0.34609375 0.4484375 0.040625 0.06171875
1 0.3125 0.54453125 0.04765625 0.06171875
1 0.3359375 0.69453125 0.05234375 0.0578125
1 0.28984375 0.6859375 0.04609375 0.06328125
1 0.06484375 0.0203125 0.025 0.040625