1 0.5859375 0.1390625 0.0640625 0.05234375
1 0.51484375 0.12890625 0.07109375 0.0375
1 0.35 0.165625 0.0578125 0.05
1 0.5 0.19296875 0.0609375 0.05
1 0.4359375 0.203125 0.0609375 0.06484375
1 0.46796875 0.12890625 0.07109375 0.0578125
1 0.375 0.23828125 0.05390625 0.03515625
1 0.36171875 0.29921875 0.07421875 0.04765625
1 0.27890625 0.2796875 0.04375 0.02265625
1 0.27890625 0.32109375 0.04375 0.03984375
1 0.36328125 0.359375 0.07734375 0.0578125
1 0.21953125 0.35625 0.0671875 0.0453125
1 0.30234375 0.396875 0.04375 0.0375
1 0.1859375 0.3921875 0.0609375 0.0375
1 0.1234375 0.4375 0.0578125 0.04296875
1 0.13203125 0.5 0.0671875 0.04765625
1 0.103125 0.525 0.07734375 0.05234375
1 0.4125 0.42734375 0.09453125 0.05234375
1 0.15234375 0.61796875 0.0875 0.0578125
1 0.5421875 0.50625 0.0640625 0.05
1 0.21796875 0.696875 0.084375 0.05
1 0.0671875 0.73046875 0.0671875 0.0578125
1 0.16875 0.81484375 0.04765625 0.03515625
1 0.6453125 0.78984375 0.04765625 0.05
1 0.8140625 0.7984375 0.1078125 0.0375
1 0.7875 0.7484375 0.0609375 0.04765625
1 0.753125 0.6765625 0.0875 0.05546875
1 0.64375 0.67890625 0.07109375 0.05546875
1 0.7515625 0.53359375 0.07734375 0.05546875
1 0.82109375 0.6015625 0.08125 0.05546875
1 0.934375 0.81171875 0.07734375 0.03984375
1 0.84296875 0.8625 0.05078125 0.03984375
1 0.84765625 0.93515625 0.1078125 0.03984375
1 0.86015625 0.975 0.09140625 0.03984375
1 0.71796875 0.8625 0.09140625 0.05546875
1 0.496875 0.690625 0.0875 0.04765625
1 0.434375 0.7484375 0.09765625 0.04296875
1 0.46484375 0.7984375 0.0375 0.04765625
1 0.64375 0.5765625 0.07109375 0.0453125
1 0.5578125 0.84453125 0.07421875 0.05546875
1 0.628125 0.896875 0.0609375 0.06015625
1 0.7546875 0.94453125 0.084375 0.0703125
1 0.4765625 0.85 0.09453125 0.06015625
1 0.34453125 0.7546875 0.121875 0.03984375
1 0.34453125 0.684375 0.09453125 0.06484375
1 0.2546875 0.62890625 0.0640625 0.05
1 0.36015625 0.596875 0.09765625 0.06484375
1 0.40703125 0.54375 0.084375 0.06015625
1 0.3734375 0.5078125 0.05078125 0.04765625
1 0.26015625 0.54296875 0.04765625 0.0328125
1 0.19921875 0.55234375 0.0671875 0.05234375
1 0.30390625 0.46015625 0.07421875 0.02265625
1 0.23125 0.46484375 0.07109375 0.0828125