3 0.4734375 0.30859375 0.0296875 0.03828125
3 0.66015625 0.21875 0.04921875 0.0578125
3 0.27265625 0.596875 0.03203125 0.0375
3 0.27109375 0.64140625 0.025 0.0421875
3 0.315625 0.634375 0.0296875 0.02890625
3 0.32734375 0.665625 0.03671875 0.03359375
3 0.45703125 0.75859375 0.02734375 0.03359375
3 0.509375 0.7796875 0.046875 0.03515625
3 0.52109375 0.6796875 0.021875 0.03515625
3 0.425 0.78984375 0.046875 0.03359375
3 0.37890625 0.7765625 0.02734375 0.03828125
3 0.43671875 0.86640625 0.0390625 0.03515625
3 0.45390625 0.6515625 0.034375 0.04453125