2 0.61484375 0.51015625 0.0546875 0.02421875
2 0.60703125 0.54921875 0.03203125 0.03203125
2 0.51484375 0.571875 0.06640625 0.0296875
2 0.54921875 0.37265625 0.04375 0.03359375
2 0.634375 0.39375 0.0796875 0.04921875
2 0.52578125 0.4109375 0.10703125 0.03984375
2 0.38828125 0.3671875 0.0984375 0.053125
2 0.52578125 0.25625 0.08984375 0.04453125
2 0.54765625 0.3265625 0.0546875 0.03359375
2 0.47109375 0.684375 0.075 0.03203125
2 0.53984375 0.65546875 0.07109375 0.0359375
2 0.05234375 0.57890625 0.04375 0.03359375
2 0.4 0.49140625 0.08984375 0.03984375
2 0.40234375 0.45390625 0.07109375 0.03125
2 0.48125 0.4625 0.08671875 0.053125
2 0.5515625 0.49765625 0.0796875 0.04375
2 0.5359375 0.2296875 0.0640625 0.0296875
2 0.50234375 0.36875 0.059375 0.03203125
2 0.08515625 0.65234375 0.05390625 0.0234375
2 0.13671875 0.671875 0.059375 0.02734375
2 0.575 0.44375 0.07265625 0.04140625