1 0.584375 0.153125 0.0640625 0.07109375
1 0.6453125 0.20625 0.08125 0.06640625
1 0.76484375 0.2421875 0.0640625 0.05625
1 0.56953125 0.3265625 0.06953125 0.08125
1 0.69453125 0.3109375 0.07578125 0.07109375
1 0.50546875 0.3625 0.06953125 0.08125
1 0.328125 0.47734375 0.07578125 0.06640625
1 0.36953125 0.63515625 0.07578125 0.06640625
1 0.4796875 0.57109375 0.09921875 0.05078125
1 0.5671875 0.80390625 0.0640625 0.06640625
1 0.621875 0.8671875 0.046875 0.05078125
1 0.6859375 0.7859375 0.06953125 0.08125
1 0.625 0.51015625 0.11015625 0.07109375
1 0.703125 0.6328125 0.09296875 0.0921875
1 0.84296875 0.64296875 0.08125 0.0609375
1 0.49453125 0.61484375 0.0578125 0.05625
1 0.82578125 0.93359375 0.0578125 0.05078125
1 0.7671875 0.89296875 0.046875 0.040625
1 0.496875 0.790625 0.05234375 0.0609375
1 0.3578125 0.71171875 0.05234375 0.05625
1 0.47421875 0.71171875 0.0875 0.0765625
1 0.584375 0.68125 0.05234375 0.0359375
1 0.3546875 0.5484375 0.0578125 0.05625
1 0.3921875 0.52265625 0.02890625 0.0359375
1 0.45078125 0.48203125 0.05234375 0.05625
1 0.25 0.42578125 0.046875 0.05625
1 0.36015625 0.40078125 0.046875 0.0359375
1 0.42421875 0.43125 0.046875 0.04609375
1 0.4328125 0.3828125 0.040625 0.03046875
1 0.41875 0.30390625 0.06953125 0.04609375
1 0.45625 0.15078125 0.0875 0.04609375
1 0.49453125 0.2171875 0.0578125 0.05625
1 0.625 0.096875 0.11015625 0.0921875
1 0.78203125 0.3546875 0.05234375 0.04609375
1 0.871875 0.4078125 0.0578125 0.07109375
1 0.746875 0.41328125 0.07578125 0.07109375
1 0.70625 0.38515625 0.0875 0.0765625
1 0.6015625 0.42578125 0.0875 0.0765625
1 0.70625 0.1609375 0.0640625 0.05625
1 0.3546875 0.30390625 0.06953125 0.05625
1 0.584375 0.6171875 0.05234375 0.05078125
1 0.63359375 0.6046875 0.06953125 0.06640625
1 0.834375 0.52265625 0.0640625 0.05625
1 0.7703125 0.48984375 0.05234375 0.07109375
1 0.76171875 0.1328125 0.0578125 0.040625
1 0.78515625 0.17890625 0.0578125 0.05078125
1 0.34921875 0.221875 0.046875 0.05625
1 0.36328125 0.19375 0.05234375 0.040625
1 0.4828125 0.278125 0.0578125 0.04609375
1 0.6859375 0.71171875 0.09296875 0.0765625
1 0.8375 0.15546875 0.0578125 0.04609375
1 0.834375 0.25234375 0.05234375 0.05625
1 0.53515625 0.49453125 0.0578125 0.0609375
1 0.71484375 0.52265625 0.0578125 0.0359375
1 0.77890625 0.58671875 0.0578125 0.05078125
1 0.55546875 0.73203125 0.07578125 0.05625
1 0.82578125 0.80390625 0.046875 0.0359375
1 0.8140625 0.8671875 0.0578125 0.05078125
1 0.8921875 0.82421875 0.0640625 0.0359375
1 0.93046875 0.70625 0.0578125 0.04609375
1 0.953125 0.66328125 0.0578125 0.05078125
1 0.8171875 0.765625 0.0640625 0.05078125