2 0.428125 0.2 0.03203125 0.0375
2 0.68359375 0.37265625 0.03671875 0.0421875
2 0.5421875 0.50625 0.04921875 0.03828125
2 0.4140625 0.5890625 0.0546875 0.0578125
2 0.403125 0.62890625 0.03671875 0.03515625
2 0.50625 0.59921875 0.0421875 0.02421875
2 0.49921875 0.57890625 0.0421875 0.02890625
2 0.61875 0.6078125 0.034375 0.0375
2 0.55703125 0.6078125 0.0296875 0.02890625
2 0.54453125 0.64453125 0.03984375 0.02265625
2 0.4953125 0.628125 0.0296875 0.03359375
2 0.56796875 0.66640625 0.03671875 0.0265625
2 0.5359375 0.6765625 0.03203125 0.02890625
2 0.559375 0.7046875 0.03984375 0.03125
2 0.51640625 0.69453125 0.03671875 0.02421875
2 0.5015625 0.68125 0.046875 0.02890625
2 0.45390625 0.66015625 0.034375 0.021875
2 0.4625 0.68984375 0.03203125 0.02421875
2 0.48046875 0.715625 0.034375 0.03125
2 0.5 0.75078125 0.0296875 0.03984375
2 0.5265625 0.73125 0.03203125 0.02265625
2 0.546875 0.7484375 0.02421875 0.0359375
2 0.5390625 0.77890625 0.021875 0.02890625
2 0.50390625 0.7984375 0.02734375 0.02421875
2 0.53828125 0.83515625 0.02734375 0.03125