2 0.51640625 0.22109375 0.03671875 0.03125
2 0.490625 0.18515625 0.03984375 0.06640625
2 0.4890625 0.08125 0.046875 0.03515625
2 0.4375 0.11015625 0.03203125 0.04453125
2 0.40234375 0.1515625 0.06875 0.02421875
2 0.41953125 0.1859375 0.04453125 0.03125
2 0.4140625 0.25234375 0.03984375 0.03984375
2 0.46953125 0.2421875 0.0421875 0.03359375
2 0.3453125 0.21796875 0.04921875 0.0421875
2 0.74296875 0.27890625 0.06640625 0.053125
2 0.74296875 0.32109375 0.03203125 0.03125
2 0.7734375 0.35078125 0.059375 0.05078125
2 0.83125 0.31328125 0.04140625 0.0421875
2 0.865625 0.30859375 0.05625 0.03828125
2 0.8140625 0.36640625 0.03671875 0.0421875
2 0.86640625 0.35390625 0.0515625 0.0359375
2 0.8640625 0.40078125 0.05625 0.0625
2 0.8375 0.39765625 0.04453125 0.03359375
2 0.565625 0.5703125 0.03203125 0.02890625
2 0.6046875 0.64375 0.046875 0.03359375
2 0.6421875 0.64375 0.046875 0.02890625
2 0.67890625 0.63671875 0.046875 0.0375
2 0.746875 0.65546875 0.0546875 0.03984375
2 0.709375 0.66796875 0.03984375 0.0375
2 0.5828125 0.93203125 0.04140625 0.0375
2 0.80703125 0.74765625 0.03203125 0.02421875
2 0.71796875 0.7046875 0.03203125 0.03125
2 0.79609375 0.575 0.0390625 0.046875
2 0.8328125 0.6015625 0.0390625 0.046875
2 0.88671875 0.53984375 0.04921875 0.0265625
2 0.88046875 0.56171875 0.02734375 0.0375
2 0.86015625 0.63046875 0.06875 0.02421875
2 0.82421875 0.66328125 0.0515625 0.02421875
2 0.86953125 0.6890625 0.05390625 0.0578125
2 0.80859375 0.5328125 0.04921875 0.03359375