2 0.58671875 0.6421875 0.04453125 0.03984375
2 0.515625 0.65 0.025 0.046875
2 0.5421875 0.57890625 0.04921875 0.046875
2 0.43984375 0.659375 0.06640625 0.046875
2 0.30234375 0.76796875 0.06171875 0.0421875
2 0.10546875 0.70859375 0.03203125 0.0265625
2 0.09453125 0.74296875 0.0296875 0.03359375
2 0.1296875 0.73984375 0.03671875 0.0265625
2 0.13359375 0.784375 0.03984375 0.0265625
2 0.19140625 0.65859375 0.021875 0.0375
2 0.221875 0.62109375 0.02890625 0.0203125
2 0.240625 0.6765625 0.03203125 0.0421875
2 0.29140625 0.6734375 0.00546875 0.00859375
2 0.27265625 0.66484375 0.03203125 0.03984375
2 0.24453125 0.72890625 0.034375 0.02265625
2 0.55234375 0.42421875 0.04453125 0.03359375
2 0.5140625 0.26328125 0.02734375 0.02265625
2 0.565625 0.25234375 0.0171875 0.03125
2 0.58203125 0.2734375 0.01953125 0.015625
2 0.59296875 0.29296875 0.03203125 0.03359375
2 0.6421875 0.303125 0.03671875 0.0359375
2 0.53359375 0.3015625 0.03671875 0.0421875
2 0.20859375 0.77890625 0.03671875 0.05078125
2 0.1828125 0.80546875 0.059375 0.06015625
2 0.47734375 0.96953125 0.03203125 0.02421875