1 0.50703125 0.45703125 0.0375 0.0421875
1 0.578125 0.30625 0.08671875 0.03828125
1 0.67734375 0.2703125 0.04765625 0.02421875
1 0.50625 0.2125 0.06484375 0.0421875
1 0.4984375 0.61875 0.0375 0.046875
1 0.38515625 0.6453125 0.05390625 0.01640625
1 0.3546875 0.6109375 0.040625 0.03046875
1 0.234375 0.1828125 0.059375 0.0359375
1 0.36484375 0.1265625 0.07109375 0.046875
1 0.37734375 0.08828125 0.05078125 0.0203125
1 0.50390625 0.24375 0.0765625 0.0296875
1 0.50703125 0.27265625 0.03203125 0.028125
1 0.57109375 0.21953125 0.0578125 0.01953125
1 0.63671875 0.3328125 0.07421875 0.03671875
1 0.6328125 0.3765625 0.059375 0.05078125
1 0.6328125 0.41796875 0.06484375 0.0359375
1 0.6421875 0.45078125 0.05234375 0.03515625
1 0.69765625 0.459375 0.05390625 0.0296875
1 0.67734375 0.48515625 0.04765625 0.03359375
1 0.5765625 0.47734375 0.0640625 0.03984375
1 0.51484375 0.5109375 0.059375 0.0171875
1 0.51015625 0.53515625 0.04375 0.0359375
1 0.5578125 0.534375 0.02578125 0.025
1 0.59609375 0.5421875 0.0453125 0.03125
1 0.5484375 0.56484375 0.05625 0.028125
1 0.5890625 0.5734375 0.04765625 0.03125
1 0.55 0.58828125 0.059375 0.03984375
1 0.48359375 0.56328125 0.05078125 0.028125
1 0.3921875 0.52578125 0.06796875 0.03359375
1 0.40625 0.57734375 0.0390625 0.02734375
1 0.45859375 0.5734375 0.06484375 0.04453125
1 0.4109375 0.60625 0.059375 0.03515625
1 0.440625 0.65546875 0.03515625 0.03046875
1 0.42578125 0.70390625 0.040625 0.04921875
1 0.4703125 0.68984375 0.04765625 0.0421875
1 0.371875 0.71484375 0.07421875 0.04453125
1 0.325 0.69375 0.0359375 0.046875
1 0.3296875 0.74921875 0.0625 0.0421875
1 0.42578125 0.20390625 0.04921875 0.02734375
1 0.40390625 0.24375 0.06484375 0.03046875
1 0.35234375 0.271875 0.0578125 0.03046875
1 0.50703125 0.08828125 0.0640625 0.03125
1 0.54296875 0.38203125 0.0390625 0.02734375
1 0.42421875 0.44765625 0.0359375 0.03515625
1 0.22109375 0.66796875 0.03046875 0.0203125
1 0.253125 0.7640625 0.0453125 0.03515625
1 0.26875 0.7046875 0.03359375 0.028125
1 0.53515625 0.6734375 0.040625 0.0359375
1 0.603125 0.60703125 0.04375 0.03125
1 0.36484375 0.57890625 0.0453125 0.03359375
1 0.30625 0.59375 0.04765625 0.0328125
1 0.31953125 0.62265625 0.0359375 0.0296875
1 0.290625 0.64140625 0.0390625 0.03046875
1 0.56484375 0.2515625 0.04765625 0.03125