2 0.46328125 0.50078125 0.03984375 0.01796875
2 0.4484375 0.51484375 0.04921875 0.015625
2 0.36484375 0.5171875 0.034375 0.0421875
2 0.33828125 0.53671875 0.04453125 0.046875
2 0.26640625 0.4828125 0.059375 0.03984375
2 0.2046875 0.28046875 0.04453125 0.02265625
2 0.178125 0.309375 0.03984375 0.0265625
2 0.05 0.3078125 0.01484375 0.01796875
2 0.071875 0.39921875 0.059375 0.0375
2 0.2390625 0.5625 0.04453125 0.03125
2 0.171875 0.559375 0.02734375 0.02890625
2 0.2078125 0.57578125 0.02890625 0.01796875
2 0.15859375 0.64921875 0.03984375 0.03515625
2 0.15078125 0.609375 0.025 0.0265625
2 0.23828125 0.66875 0.03203125 0.0265625
2 0.25546875 0.69140625 0.03203125 0.0359375
2 0.2296875 0.7296875 0.034375 0.03828125
2 0.19140625 0.74296875 0.03671875 0.046875
2 0.11875 0.67890625 0.059375 0.0375
2 0.10625 0.7078125 0.04921875 0.0421875
2 0.1078125 0.746875 0.04140625 0.04453125
2 0.05625 0.7984375 0.05625 0.0421875
2 0.071875 0.7453125 0.04921875 0.046875
2 0.23046875 0.30625 0.02734375 0.02421875