2 0.53984375 0.146875 0.06875 0.046875
2 0.58046875 0.12890625 0.0515625 0.02890625
2 0.5734375 0.084375 0.03671875 0.02421875
2 0.29140625 0.49296875 0.05390625 0.03359375
2 0.3203125 0.53828125 0.04921875 0.02265625
2 0.33828125 0.56015625 0.0296875 0.03125
2 0.42265625 0.55 0.04140625 0.0375
2 0.465625 0.540625 0.059375 0.0359375
2 0.52265625 0.50390625 0.04921875 0.015625
2 0.5265625 0.54140625 0.05625 0.0421875
2 0.50625 0.58515625 0.046875 0.0265625
2 0.4734375 0.63984375 0.034375 0.0265625
2 0.42265625 0.66015625 0.0765625 0.03125
2 0.26015625 0.65859375 0.046875 0.05078125
2 0.3046875 0.74765625 0.03671875 0.0421875
2 0.35 0.7625 0.04921875 0.053125
2 0.57890625 0.71015625 0.034375 0.0421875
2 0.625 0.70234375 0.0515625 0.0265625
2 0.61484375 0.67890625 0.046875 0.02890625
2 0.62109375 0.54375 0.05390625 0.046875
2 0.58671875 0.83203125 0.04921875 0.02890625
2 0.53515625 0.8578125 0.03984375 0.03125
2 0.275 0.5671875 0.08125 0.04921875
2 0.390625 0.69921875 0.071875 0.0734375
2 0.625 0.10390625 0.03203125 0.03984375
2 0.6640625 0.115625 0.03671875 0.0421875