2 0.759375 0.28515625 0.05390625 0.03125
2 0.8140625 0.3296875 0.046875 0.02265625
2 0.821875 0.375 0.0421875 0.03828125
2 0.8328125 0.42578125 0.059375 0.046875
2 0.7828125 0.38515625 0.046875 0.0484375
2 0.7515625 0.56015625 0.059375 0.04921875
2 0.75390625 0.60234375 0.04453125 0.0484375
2 0.821875 0.61171875 0.046875 0.03984375
2 0.81796875 0.66328125 0.05390625 0.0421875
2 0.5890625 0.66875 0.04453125 0.06171875
2 0.63828125 0.67421875 0.04921875 0.0421875
2 0.6921875 0.690625 0.0390625 0.053125
2 0.7296875 0.68671875 0.05390625 0.04453125
2 0.69453125 0.7375 0.0546875 0.04453125
2 0.86640625 0.46171875 0.046875 0.02421875
2 0.8625 0.5140625 0.05390625 0.07578125
2 0.596875 0.265625 0.034375 0.0265625
2 0.4109375 0.2578125 0.04140625 0.0421875
2 0.51015625 0.14140625 0.0890625 0.07109375
2 0.44375 0.12109375 0.04453125 0.03515625
2 0.77890625 0.2296875 0.03515625 0.02890625