3 0.58515625 0.66015625 0.04140625 0.0265625
3 0.565625 0.63125 0.02734375 0.0359375
3 0.5140625 0.6203125 0.02734375 0.03984375
3 0.5296875 0.665625 0.01953125 0.02421875
3 0.4203125 0.61796875 0.0421875 0.0359375
3 0.39296875 0.68984375 0.03203125 0.02890625
3 0.4625 0.89609375 0.021875 0.0203125
3 0.45 0.925 0.03203125 0.02421875
3 0.38984375 0.903125 0.0546875 0.0375
3 0.42890625 0.421875 0.0296875 0.02890625
3 0.3859375 0.39609375 0.03671875 0.04453125
3 0.415625 0.35546875 0.02734375 0.02890625
3 0.3453125 0.31171875 0.0640625 0.053125
3 0.503125 0.2875 0.05390625 0.04921875
3 0.48828125 0.94609375 0.0640625 0.04453125