2 0.37578125 0.21328125 0.071875 0.02421875
2 0.2125 0.30625 0.0640625 0.0421875
2 0.14453125 0.3359375 0.09609375 0.053125
2 0.19609375 0.44140625 0.06171875 0.0375
2 0.1203125 0.43359375 0.090625 0.053125
2 0.19296875 0.49140625 0.0640625 0.04921875
2 0.30234375 0.575 0.1015625 0.06015625
2 0.21484375 0.634375 0.07890625 0.10859375
2 0.4203125 0.85546875 0.090625 0.03125
2 0.484375 0.87265625 0.03203125 0.06640625
2 0.34296875 0.9140625 0.07421875 0.05546875
2 0.4140625 0.88984375 0.07890625 0.06875
2 0.40390625 0.80859375 0.05 0.02421875
2 0.19375 0.81171875 0.04453125 0.02265625
2 0.51640625 0.7640625 0.03125 0.02421875
2 0.24765625 0.7328125 0.0390625 0.02578125
2 0.21328125 0.528125 0.040625 0.0296875
2 0.44609375 0.715625 0.04765625 0.0296875
2 0.6125 0.29921875 0.0296875 0.05546875
2 0.3953125 0.76640625 0.03828125 0.0296875
2 0.1515625 0.46484375 0.0390625 0.03203125