1 0.42421875 0.02578125 0.040625 0.03984375
1 0.45546875 0.0515625 0.04453125 0.034375
1 0.4609375 0.09296875 0.09296875 0.0375
1 0.43125 0.14765625 0.078125 0.04296875
1 0.359375 0.14921875 0.0296875 0.02890625
1 0.39453125 0.18203125 0.02578125 0.0203125
1 0.58515625 0.090625 0.059375 0.0484375
1 0.5515625 0.1578125 0.0515625 0.034375
1 0.61484375 0.171875 0.059375 0.02265625
1 0.59609375 0.21171875 0.0515625 0.03984375
1 0.51875 0.2078125 0.08125 0.04296875
1 0.47421875 0.2578125 0.08125 0.04609375
1 0.659375 0.2203125 0.059375 0.06875
1 0.55 0.33515625 0.08515625 0.034375
1 0.6984375 0.375 0.06328125 0.0515625
1 0.49296875 0.36953125 0.07421875 0.05703125
1 0.51640625 0.43828125 0.0703125 0.03984375
1 0.4203125 0.4 0.06328125 0.0484375
1 0.34609375 0.44296875 0.08515625 0.0546875
1 0.35703125 0.496875 0.08515625 0.0546875
1 0.22421875 0.4859375 0.078125 0.06015625
1 0.29296875 0.49140625 0.0515625 0.071875
1 0.45 0.51171875 0.078125 0.06015625
1 0.54296875 0.4984375 0.05546875 0.04609375
1 0.61640625 0.4296875 0.05546875 0.0515625
1 0.62578125 0.55703125 0.08125 0.065625
1 0.5515625 0.57890625 0.07421875 0.05703125
1 0.53671875 0.66328125 0.059375 0.0546875
1 0.590625 0.6921875 0.078125 0.04296875
1 0.48671875 0.690625 0.0703125 0.04609375
1 0.43515625 0.653125 0.0484375 0.03984375
1 0.4015625 0.59140625 0.05546875 0.06015625
1 0.309375 0.64921875 0.05546875 0.065625
1 0.28515625 0.7078125 0.07421875 0.04609375
1 0.33125 0.7546875 0.06328125 0.0484375
1 0.22421875 0.85078125 0.0484375 0.034375
1 0.46484375 0.78671875 0.0484375 0.03125
1 0.14453125 0.6421875 0.0515625 0.034375
1 0.39296875 0.64765625 0.04453125 0.034375
1 0.39609375 0.6765625 0.0515625 0.034375
1 0.63515625 0.4859375 0.06328125 0.04296875
1 0.46875 0.30078125 0.0484375 0.034375
1 0.5390625 0.28515625 0.06328125 0.03125
1 0.33671875 0.09765625 0.0515625 0.034375
1 0.25546875 0.62578125 0.059375 0.0375
1 0.340625 0.58046875 0.06640625 0.04296875
1 0.38125 0.7421875 0.0515625 0.034375
1 0.2515625 0.75390625 0.0515625 0.02890625
1 0.3015625 0.796875 0.05546875 0.034375
1 0.46484375 0.434375 0.05546875 0.04296875
1 0.4203125 0.45859375 0.0484375 0.034375
1 0.18125 0.8484375 0.0515625 0.03984375
1 0.29609375 0.859375 0.0515625 0.034375
1 0.38671875 0.8125 0.0484375 0.03125
1 0.459375 0.5875 0.059375 0.03984375
1 0.48671875 0.6171875 0.06328125 0.0375
1 0.50703125 0.02890625 0.059375 0.03984375
1 0.3703125 0.703125 0.0515625 0.0375
1 0.31484375 0.83125 0.059375 0.034375
1 0.2703125 0.8234375 0.0515625 0.0375
1 0.19609375 0.759375 0.0515625 0.02890625
1 0.18125 0.78203125 0.0515625 0.02890625
1 0.14609375 0.81796875 0.0484375 0.03125