1 0.325 0.2046875 0.0734375 0.04921875
1 0.30625 0.26484375 0.065625 0.03046875
1 0.49453125 0.3015625 0.03359375 0.03359375
1 0.61640625 0.36875 0.02109375 0.04453125
1 0.39765625 0.1640625 0.08125 0.04140625
1 0.48515625 0.1625 0.0796875 0.05078125
1 0.47265625 0.21328125 0.02578125 0.02890625
1 0.39375 0.20390625 0.0515625 0.02890625
1 0.540625 0.21484375 0.0796875 0.03828125
1 0.584375 0.17890625 0.09453125 0.05390625
1 0.5203125 0.2703125 0.0703125 0.05078125
1 0.4515625 0.26953125 0.03671875 0.03046875
1 0.4125 0.28984375 0.0796875 0.0484375
1 0.43046875 0.3234375 0.0671875 0.0515625
1 0.42265625 0.40078125 0.0734375 0.05703125
1 0.48203125 0.4328125 0.08125 0.04140625
1 0.48203125 0.3671875 0.04453125 0.04453125
1 0.5203125 0.36015625 0.0703125 0.03984375
1 0.5609375 0.3984375 0.0625 0.05859375
1 0.58828125 0.28828125 0.02890625 0.04609375
1 0.6375 0.240625 0.0625 0.03515625
1 0.66875 0.209375 0.0734375 0.03984375
1 0.6703125 0.1828125 0.0609375 0.04453125
1 0.7375 0.17265625 0.11015625 0.03359375
1 0.72265625 0.14375 0.065625 0.05703125
1 0.69765625 0.0984375 0.0734375 0.04921875
1 0.71640625 0.06015625 0.0734375 0.04609375
1 0.35546875 0.3625 0.0765625 0.06640625
1 0.6234375 0.2953125 0.04765625 0.01953125
1 0.62578125 0.2734375 0.03671875 0.021875
1 0.4 0.259375 0.03984375 0.015625
1 0.10703125 0.2984375 0.04921875 0.01640625
1 0.0125 0.359375 0.02421875 0.0265625
1 0.0484375 0.38125 0.053125 0.025
1 0.3109375 0.3125 0.04453125 0.01953125
1 0.2671875 0.22109375 0.04609375 0.0203125
1 0.2765625 0.196875 0.03359375 0.0203125
1 0.42890625 0.1296875 0.0515625 0.02421875
1 0.50390625 0.11875 0.03671875 0.01875
1 0.721875 0.29765625 0.03671875 0.0234375
1 0.56953125 0.3296875 0.04296875 0.025
1 0.73203125 0.325 0.071875 0.0234375
1 0.678125 0.40625 0.08515625 0.0296875
1 0.33984375 0.43203125 0.05 0.0296875
1 0.3484375 0.40703125 0.0671875 0.01875
1 0.45859375 0.246875 0.04140625 0.02109375
1 0.64765625 0.0296875 0.0515625 0.01875
1 0.45 0.090625 0.04296875 0.02421875
1 0.484375 0.09375 0.04140625 0.021875
1 0.5171875 0.0875 0.04609375 0.021875
1 0.334375 0.24453125 0.0765625 0.028125
1 0.2875 0.4 0.04140625 0.01953125
1 0.22109375 0.43984375 0.0609375 0.03046875
1 0.54453125 0.45859375 0.06875 0.028125
1 0.18984375 0.490625 0.04765625 0.0203125
1 0.0390625 0.409375 0.03203125 0.015625
1 0.06953125 0.4 0.03828125 0.01875
1 0.07734375 0.41875 0.03828125 0.015625
1 0.2453125 0.32109375 0.05 0.025
1 0.71953125 0.24453125 0.04453125 0.02109375
1 0.62265625 0.3296875 0.0578125 0.03203125