1 0.4953125 0.1671875 0.01875 0.0171875
1 0.51484375 0.2109375 0.03359375 0.03203125
1 0.4125 0.2265625 0.02578125 0.04609375
1 0.53203125 0.2953125 0.0453125 0.0421875
1 0.56328125 0.35390625 0.0359375 0.03984375
1 0.546875 0.3875 0.03515625 0.03984375
1 0.515625 0.39140625 0.03125 0.0359375
1 0.4546875 0.3734375 0.053125 0.034375
1 0.46484375 0.41796875 0.03359375 0.034375
1 0.5625 0.4421875 0.04765625 0.04453125
1 0.4953125 0.4953125 0.0578125 0.0359375
1 0.4875 0.55 0.05703125 0.04609375
1 0.41484375 0.5296875 0.01171875 0.04609375
1 0.3703125 0.57265625 0.05 0.0484375
1 0.29140625 0.60390625 0.03125 0.03984375
1 0.33203125 0.6265625 0.0359375 0.0671875
1 0.4625 0.6 0.04765625 0.0484375
1 0.521875 0.5984375 0.03828125 0.05078125
1 0.434375 0.6421875 0.05 0.03984375
1 0.403125 0.66640625 0.0453125 0.0390625
1 0.48515625 0.70234375 0.03828125 0.0375
1 0.41015625 0.78046875 0.05078125 0.04609375
1 0.35390625 0.84140625 0.06171875 0.021875
1 0.36484375 0.725 0.03515625 0.04609375
1 0.41171875 0.82890625 0.0328125 0.0375
1 0.378125 0.871875 0.02890625 0.03984375
1 0.5203125 0.88203125 0.0453125 0.03125
1 0.53203125 0.93828125 0.0546875 0.04609375
1 0.590625 0.8734375 0.0328125 0.0234375
1 0.58984375 0.921875 0.06953125 0.0359375
1 0.67421875 0.8203125 0.028125 0.0421875
1 0.68359375 0.85546875 0.0328125 0.02890625
1 0.7078125 0.753125 0.05703125 0.0359375
1 0.6578125 0.7453125 0.03828125 0.04453125
1 0.6078125 0.753125 0.02421875 0.04453125
1 0.54921875 0.76328125 0.040625 0.04609375
1 0.49765625 0.775 0.053125 0.0484375
1 0.665625 0.5953125 0.0453125 0.0359375
1 0.6875 0.640625 0.0359375 0.0421875
1 0.678125 0.69296875 0.03515625 0.0359375
1 0.76640625 0.671875 0.05078125 0.06015625
1 0.603125 0.63203125 0.06171875 0.04609375
1 0.615625 0.67890625 0.0453125 0.03359375
1 0.540625 0.66171875 0.0578125 0.0484375
1 0.47265625 0.8515625 0.0546875 0.05078125
1 0.34453125 0.80390625 0.05234375 0.03984375
1 0.31875 0.71796875 0.04921875 0.0484375
1 0.43203125 0.7265625 0.05 0.0484375
1 0.54765625 0.5515625 0.03984375 0.0375
1 0.31953125 0.51484375 0.02890625 0.03984375
1 0.2984375 0.8296875 0.04296875 0.04609375