1 0.4125 0.15625 0.06171875 0.05234375
1 0.37265625 0.084375 0.05859375 0.0515625
1 0.34296875 0.02734375 0.053125 0.05234375
1 0.2125 0.0671875 0.08828125 0.0578125
1 0.2765625 0.090625 0.0796875 0.04609375
1 0.30234375 0.1234375 0.06484375 0.05390625
1 0.3453125 0.1546875 0.0734375 0.04765625
1 0.36796875 0.1953125 0.03984375 0.0375
1 0.3453125 0.2328125 0.0734375 0.06015625
1 0.2765625 0.2015625 0.05703125 0.04140625
1 0.21171875 0.1421875 0.05703125 0.04609375
1 0.21640625 0.203125 0.0765625 0.05390625
1 0.2890625 0.3296875 0.06796875 0.0265625
1 0.32109375 0.4453125 0.0453125 0.0390625
1 0.07109375 0.45390625 0.03515625 0.03515625
1 0.30859375 0.37109375 0.053125 0.03515625
1 0.37265625 0.38828125 0.05859375 0.04140625
1 0.40078125 0.42109375 0.06171875 0.05
1 0.45390625 0.39140625 0.0546875 0.0453125
1 0.17578125 0.37421875 0.06796875 0.0640625
1 0.2296875 0.35390625 0.05 0.03515625
1 0.09921875 0.3140625 0.0546875 0.0453125
1 0.1484375 0.3078125 0.06015625 0.0515625
1 0.0984375 0.23046875 0.046875 0.05625
1 0.15078125 0.23203125 0.05859375 0.0484375
1 0.2078125 0.26484375 0.071875 0.0578125
1 0.078125 0.1796875 0.0734375 0.0515625
1 0.13203125 0.178125 0.0734375 0.03125
1 0.140625 0.125 0.0546875 0.0453125
1 0.17890625 0.51484375 0.03203125 0.025
1 0.2171875 0.48046875 0.03828125 0.01640625
1 0.26171875 0.42578125 0.0265625 0.0234375
1 0.2296875 0.3921875 0.03984375 0.0296875
1 0.07421875 0.375 0.03828125 0.02734375
1 0.37734375 0.32421875 0.03203125 0.0234375
1 0.3296875 0.2984375 0.053125 0.0390625
1 0.46640625 0.34140625 0.0296875 0.0203125
1 0.52421875 0.4296875 0.04140625 0.0296875
1 0.18515625 0.575 0.03359375 0.02265625
1 0.15234375 0.61015625 0.04140625 0.025
1 0.1109375 0.58515625 0.04140625 0.02734375
1 0.3015625 0.5390625 0.0265625 0.02734375
1 0.26328125 0.5421875 0.053125 0.0390625
1 0.2703125 0.51015625 0.03359375 0.0203125
1 0.3328125 0.50078125 0.03828125 0.0265625
1 0.165625 0.43203125 0.03828125 0.02890625
1 0.221875 0.42890625 0.046875 0.0328125
1 0.1265625 0.36640625 0.03984375 0.025
1 0.0484375 0.1046875 0.03671875 0.025
1 0.0578125 0.065625 0.0453125 0.02890625
1 0.03671875 0.27734375 0.046875 0.0375
1 0.45703125 0.28046875 0.03671875 0.04140625
1 0.2921875 0.40390625 0.03515625 0.0296875
1 0.3296875 0.415625 0.03984375 0.0265625
1 0.10546875 0.4578125 0.03515625 0.02890625
1 0.09140625 0.53828125 0.03984375 0.02109375
1 0.13515625 0.5609375 0.03984375 0.0234375
1 0.18359375 0.5484375 0.046875 0.025
1 0.17578125 0.4828125 0.04140625 0.0203125