3 0.39453125 0.3859375 0.05078125 0.05
3 0.69375 0.38125 0.053125 0.040625
3 0.74296875 0.48046875 0.0546875 0.0578125
3 0.45546875 0.44765625 0.04375 0.0296875
3 0.5734375 0.56953125 0.0875 0.04296875
3 0.67578125 0.5375 0.06171875 0.040625
3 0.4046875 0.63125 0.053125 0.04296875
3 0.521875 0.609375 0.05703125 0.059375
3 0.53984375 0.69296875 0.05703125 0.04453125
3 0.63203125 0.73046875 0.07109375 0.040625
3 0.57578125 0.7578125 0.059375 0.03125
3 0.5171875 0.7640625 0.0296875 0.03359375
3 0.49453125 0.78984375 0.034375 0.040625
3 0.56875 0.828125 0.02734375 0.0390625
3 0.63046875 0.83359375 0.03671875 0.05