2 0.3703125 0.2046875 0.046875 0.03984375
2 0.1234375 0.22578125 0.1 0.06484375
2 0.28671875 0.0703125 0.1203125 0.08671875
2 0.421875 0.04765625 0.0890625 0.05859375
2 0.25078125 0.3734375 0.07578125 0.05
2 0.45703125 0.40703125 0.08671875 0.053125
2 0.72890625 0.39296875 0.0625 0.06328125
2 0.78359375 0.4703125 0.078125 0.06015625
2 0.70859375 0.5046875 0.0796875 0.06015625
2 0.74296875 0.56328125 0.05546875 0.06015625
2 0.47890625 0.60078125 0.06015625 0.028125
2 0.52890625 0.571875 0.053125 0.04296875
2 0.5640625 0.49453125 0.04921875 0.03828125
2 0.60859375 0.59140625 0.053125 0.046875
2 0.52890625 0.66484375 0.03984375 0.046875
2 0.55546875 0.7140625 0.06640625 0.0546875
2 0.6265625 0.7046875 0.04921875 0.03671875
2 0.68984375 0.73203125 0.05546875 0.046875
2 0.7265625 0.6375 0.0359375 0.0453125
2 0.7359375 0.240625 0.07109375 0.06171875
2 0.446875 0.3109375 0.07578125 0.0484375
2 0.3640625 0.321875 0.0625 0.06640625
2 0.5953125 0.346875 0.084375 0.04296875
2 0.60703125 0.41484375 0.115625 0.06640625
2 0.53984375 0.4296875 0.04453125 0.046875
2 0.47109375 0.475 0.04453125 0.03359375
2 0.13125 0.5671875 0.053125 0.04140625
2 0.38125 0.6484375 0.11328125 0.05703125
2 0.63125 0.53671875 0.06640625 0.03984375