2 0.76875 0.28515625 0.03984375 0.0265625
2 0.78125 0.30859375 0.034375 0.02890625
2 0.80546875 0.3 0.034375 0.02421875
2 0.4625 0.1953125 0.03671875 0.0375
2 0.37578125 0.2765625 0.0515625 0.04453125
2 0.30234375 0.63984375 0.03203125 0.03515625
2 0.51875 0.9140625 0.03203125 0.046875
2 0.43671875 0.9140625 0.0296875 0.0421875
2 0.61171875 0.86484375 0.03984375 0.04609375
2 0.69375 0.8171875 0.04140625 0.04453125
2 0.73515625 0.8 0.03203125 0.03125
2 0.79375 0.80078125 0.03984375 0.02421875
2 0.8171875 0.8078125 0.03203125 0.03359375
2 0.7765625 0.7609375 0.03984375 0.0421875
2 0.7578125 0.6953125 0.03203125 0.03125
2 0.69765625 0.76640625 0.0546875 0.03125
2 0.63359375 0.75078125 0.04921875 0.0265625
2 0.6171875 0.7828125 0.046875 0.0203125
2 0.72578125 0.3625 0.06171875 0.0796875
2 0.815625 0.57109375 0.07890625 0.0625
2 0.7515625 0.62421875 0.05390625 0.0578125
2 0.6984375 0.68515625 0.046875 0.05546875
2 0.86328125 0.8609375 0.03671875 0.015625