2 0.52734375 0.4359375 0.01953125 0.0359375
2 0.5328125 0.4875 0.03125 0.04609375
2 0.4984375 0.43046875 0.03125 0.04609375
2 0.459375 0.428125 0.05390625 0.04140625
2 0.4765625 0.36875 0.02734375 0.0359375
2 0.48046875 0.5078125 0.034375 0.04609375
2 0.5015625 0.56171875 0.0234375 0.04140625
2 0.465625 0.6109375 0.02734375 0.0359375
2 0.49609375 0.63671875 0.034375 0.04609375
2 0.425 0.5359375 0.03125 0.04140625
2 0.40546875 0.5359375 0.03125 0.06171875
2 0.48671875 0.69296875 0.03125 0.04609375
2 0.44765625 0.69609375 0.03125 0.04140625
2 0.44609375 0.734375 0.02734375 0.0359375
2 0.47265625 0.76015625 0.034375 0.0359375
2 0.57890625 0.8171875 0.04609375 0.07734375
2 0.61953125 0.71640625 0.02734375 0.03125
2 0.42890625 0.6625 0.03828125 0.04609375
2 0.4 0.690625 0.0421875 0.06171875
2 0.34921875 0.7140625 0.034375 0.02578125
2 0.33359375 0.61875 0.034375 0.04140625
2 0.31484375 0.5671875 0.0421875 0.0515625
2 0.2953125 0.50546875 0.0421875 0.06171875
2 0.29140625 0.2625 0.034375 0.04140625
2 0.2953125 0.21640625 0.01953125 0.04140625
2 0.3203125 0.20390625 0.0234375 0.04609375
2 0.353125 0.396875 0.0421875 0.06171875