2 0.5875 0.5984375 0.03203125 0.03984375
2 0.64921875 0.5546875 0.05625 0.05078125
2 0.5609375 0.65703125 0.04140625 0.0421875
2 0.63671875 0.678125 0.06171875 0.06640625
2 0.65703125 0.71171875 0.046875 0.05546875
2 0.675 0.75234375 0.02890625 0.046875
2 0.60859375 0.79765625 0.0546875 0.053125
2 0.59609375 0.72734375 0.04453125 0.046875
2 0.721875 0.66484375 0.05390625 0.04921875
2 0.73515625 0.73203125 0.02734375 0.03359375
2 0.75546875 0.77578125 0.0515625 0.053125
2 0.796875 0.61796875 0.0171875 0.03984375
2 0.83125 0.575 0.046875 0.0421875
2 0.83671875 0.61796875 0.03671875 0.053125
2 0.85625 0.65 0.05625 0.06875
2 0.390625 0.2078125 0.046875 0.0578125
2 0.5609375 0.234375 0.02734375 0.053125
2 0.60859375 0.2578125 0.0546875 0.05546875
2 0.50546875 0.1203125 0.0640625 0.06015625
2 0.328125 0.11328125 0.04921875 0.0421875
2 0.38203125 0.13125 0.0546875 0.05546875
2 0.315625 0.1953125 0.025 0.0203125
2 0.25390625 0.2453125 0.05390625 0.053125
2 0.34140625 0.28125 0.06640625 0.06171875