1 0.47421875 0.76640625 0.02890625 0.05859375
1 0.5171875 0.703125 0.0234375 0.0484375
1 0.5484375 0.6734375 0.02890625 0.05078125
1 0.57890625 0.63203125 0.021875 0.0328125
1 0.5859375 0.60078125 0.021875 0.01796875
1 0.61640625 0.62890625 0.03203125 0.05390625
1 0.64765625 0.6265625 0.04765625 0.04375
1 0.646875 0.55234375 0.02578125 0.03828125
1 0.68046875 0.52109375 0.02578125 0.04609375
1 0.61171875 0.43984375 0.0234375 0.040625
1 0.53984375 0.32890625 0.0453125 0.06328125
1 0.59765625 0.38046875 0.04921875 0.07109375
1 0.6546875 0.6671875 0.046875 0.028125
1 0.6890625 0.64921875 0.0453125 0.05859375
1 0.48515625 0.6828125 0.0171875 0.0484375
1 0.51328125 0.6328125 0.02890625 0.02578125
1 0.55703125 0.56796875 0.03203125 0.04296875
1 0.5171875 0.73828125 0.03359375 0.0484375
1 0.540625 0.771875 0.03046875 0.04296875
1 0.57578125 0.71484375 0.01875 0.04609375
1 0.58984375 0.75234375 0.0203125 0.0453125
1 0.62578125 0.7078125 0.0375 0.0484375
1 0.45 0.7296875 0.01953125 0.02578125
1 0.44140625 0.79609375 0.0171875 0.01875
1 0.6140625 0.86875 0.02578125 0.034375
1 0.63046875 0.52109375 0.01484375 0.028125
1 0.5984375 0.35078125 0.02265625 0.03046875
1 0.52265625 0.85078125 0.0203125 0.02421875
1 0.5625 0.81328125 0.02109375 0.02265625
1 0.553125 0.83671875 0.0171875 0.0296875
1 0.57265625 0.79765625 0.01875 0.02578125
1 0.66484375 0.7203125 0.021875 0.03359375
1 0.678125 0.6984375 0.0203125 0.034375
1 0.6890625 0.60625 0.021875 0.03203125
1 0.53515625 0.63359375 0.02265625 0.0328125
1 0.62421875 0.4859375 0.02265625 0.02421875
1 0.6171875 0.50859375 0.0203125 0.03125
1 0.59765625 0.47890625 0.02421875 0.02734375
1 0.48125 0.2890625 0.0265625 0.03203125
1 0.5625 0.29453125 0.02265625 0.0328125
1 0.58515625 0.3 0.028125 0.0453125
1 0.59453125 0.5859375 0.0234375 0.03359375
1 0.46328125 0.540625 0.01875 0.028125
1 0.6453125 0.58984375 0.021875 0.0328125
1 0.57421875 0.6828125 0.02421875 0.03125
1 0.59296875 0.6703125 0.02578125 0.0296875
1 0.546875 0.6015625 0.02265625 0.02734375
1 0.525 0.60390625 0.0234375 0.03046875
1 0.49296875 0.62265625 0.01796875 0.02578125
1 0.3984375 0.5765625 0.02734375 0.03515625
1 0.35234375 0.5984375 0.02734375 0.05703125
1 0.37421875 0.56953125 0.028125 0.04375
1 0.484375 0.57265625 0.02265625 0.0296875
1 0.4921875 0.5953125 0.0203125 0.0234375
1 0.47265625 0.60859375 0.02109375 0.0375
1 0.6765625 0.571875 0.025 0.03984375
1 0.7125 0.55703125 0.0171875 0.0375
1 0.521875 0.36171875 0.025 0.03125