1 0.8921875 0.51171875 0.06484375 0.0515625
1 0.7984375 0.7296875 0.08359375 0.07890625
1 0.7046875 0.5234375 0.05 0.06015625
1 0.6546875 0.47578125 0.0734375 0.0484375
1 0.6296875 0.41328125 0.06640625 0.0484375
1 0.534375 0.41953125 0.09140625 0.04609375
1 0.54609375 0.4609375 0.0984375 0.0484375
1 0.54453125 0.52734375 0.11171875 0.0421875
1 0.5484375 0.5765625 0.1265625 0.04609375
1 0.4375 0.53203125 0.04140625 0.04609375
1 0.7140625 0.6109375 0.06171875 0.02265625
1 0.8859375 0.40234375 0.0453125 0.0453125
1 0.9 0.35234375 0.05 0.0203125
1 0.8171875 0.4015625 0.06171875 0.0421875
1 0.7734375 0.4328125 0.06640625 0.04375
1 0.740625 0.3953125 0.06171875 0.0359375
1 0.88359375 0.30078125 0.05703125 0.0265625
1 0.8734375 0.2140625 0.05703125 0.0484375
1 0.88984375 0.24375 0.046875 0.0203125
1 0.75 0.05546875 0.0734375 0.02890625
1 0.67578125 0.16328125 0.0515625 0.04375
1 0.64765625 0.2171875 0.06484375 0.0203125
1 0.67421875 0.25625 0.05859375 0.03984375
1 0.65859375 0.33984375 0.0734375 0.0453125
1 0.57734375 0.334375 0.06484375 0.04609375
1 0.76015625 0.19921875 0.0703125 0.04609375
1 0.9359375 0.39609375 0.03828125 0.03984375
1 0.7453125 0.34453125 0.08359375 0.0484375
1 0.7921875 0.2625 0.04140625 0.0296875
1 0.97578125 0.3296875 0.0453125 0.0328125
1 0.840625 0.5578125 0.03515625 0.02734375
1 0.79609375 0.5421875 0.0546875 0.02734375
1 0.84140625 0.52734375 0.05 0.0296875
1 0.9265625 0.6234375 0.05 0.03359375
1 0.903125 0.6671875 0.05703125 0.04609375
1 0.8140625 0.63125 0.075 0.04765625
1 0.84296875 0.66484375 0.06328125 0.03515625
1 0.5875 0.2140625 0.0484375 0.04140625
1 0.7109375 0.10546875 0.0546875 0.02890625
1 0.79296875 0.1515625 0.06328125 0.0375
1 0.47109375 0.4546875 0.04140625 0.03984375
1 0.69921875 0.4421875 0.04140625 0.0375
1 0.8515625 0.45078125 0.053125 0.04140625
1 0.8328125 0.37421875 0.0546875 0.02890625
1 0.8328125 0.340625 0.0546875 0.0390625
1 0.621875 0.2921875 0.03984375 0.0359375
1 0.7375 0.24375 0.0515625 0.025
1 0.8234375 0.20703125 0.04296875 0.03125
1 0.82734375 0.2390625 0.0453125 0.03359375
1 0.6265625 0.1515625 0.05 0.0328125
1 0.76015625 0.10625 0.053125 0.0328125
1 0.68515625 0.29921875 0.06640625 0.0359375
1 0.53984375 0.3828125 0.05 0.0296875
1 0.6953125 0.37734375 0.05 0.0328125
1 0.665625 0.62265625 0.04140625 0.0296875
1 0.68046875 0.64921875 0.03515625 0.0234375
1 0.934375 0.7046875 0.04140625 0.03359375