1 0.66328125 0.7078125 0.0640625 0.0765625
1 0.634375 0.63046875 0.0515625 0.0546875
1 0.6 0.78359375 0.02421875 0.07421875
1 0.5515625 0.70234375 0.03828125 0.07890625
1 0.51875 0.65546875 0.02734375 0.0625
1 0.46015625 0.68984375 0.034375 0.06484375
1 0.31484375 0.83046875 0.04296875 0.03359375
1 0.521875 0.86015625 0.0359375 0.05
1 0.4828125 0.89609375 0.034375 0.06015625
1 0.659375 0.91015625 0.03984375 0.0546875
1 0.6890625 0.8421875 0.03984375 0.0859375
1 0.7109375 0.91171875 0.0296875 0.05703125
1 0.4921875 0.3109375 0.05 0.0765625
1 0.58046875 0.30234375 0.046875 0.06953125
1 0.57265625 0.0828125 0.0515625 0.09296875
1 0.71328125 0.27421875 0.0328125 0.06015625
1 0.775 0.32421875 0.03984375 0.06484375
1 0.64921875 0.08515625 0.0671875 0.0984375
1 0.6390625 0.03125 0.04296875 0.04296875
1 0.63515625 0.35546875 0.06015625 0.06015625
1 0.59296875 0.44296875 0.04140625 0.0859375
1 0.48671875 0.56484375 0.053125 0.08125
1 0.49375 0.4890625 0.03984375 0.07890625
1 0.81796875 0.44296875 0.03984375 0.071875
1 0.4578125 0.4453125 0.05 0.08125
1 0.409375 0.42734375 0.046875 0.07421875
1 0.3828125 0.36484375 0.0484375 0.06484375
1 0.3328125 0.16484375 0.03125 0.0671875
1 0.3734375 0.17578125 0.0640625 0.06953125
1 0.33515625 0.41953125 0.03984375 0.06953125
1 0.36328125 0.47265625 0.046875 0.0546875
1 0.41328125 0.515625 0.0328125 0.05
1 0.45078125 0.58125 0.03984375 0.08125
1 0.38984375 0.67734375 0.04453125 0.0625
1 0.3921875 0.61484375 0.053125 0.08125
1 0.2453125 0.58125 0.0640625 0.10078125
1 0.475 0.82265625 0.04296875 0.0671875
1 0.7453125 0.11484375 0.06015625 0.08125
1 0.18515625 0.671875 0.053125 0.0859375
1 0.30703125 0.2703125 0.04453125 0.0671875
1 0.465625 0.10390625 0.04140625 0.06015625
1 0.5890625 0.1828125 0.06015625 0.07421875
1 0.628125 0.1625 0.05 0.071875
1 0.7015625 0.02890625 0.0484375 0.04765625
1 0.41171875 0.8203125 0.07265625 0.08125
1 0.2515625 0.72265625 0.04140625 0.05703125
1 0.2546875 0.7921875 0.03984375 0.0625
1 0.76328125 0.53359375 0.03984375 0.05703125
1 0.8 0.534375 0.03828125 0.0546875
1 0.6984375 0.20703125 0.0515625 0.06015625
1 0.6640625 0.28984375 0.04453125 0.0671875
1 0.51484375 0.434375 0.06015625 0.06484375
1 0.5734375 0.3734375 0.053125 0.05703125