3 0.22734375 0.3609375 0.034375 0.03125
3 0.0609375 0.446875 0.0421875 0.04921875
3 0.14609375 0.60703125 0.0390625 0.0578125
3 0.125 0.39140625 0.046875 0.04453125
3 0.36640625 0.2078125 0.05625 0.0484375
3 0.46015625 0.184375 0.06171875 0.02890625
3 0.58125 0.26015625 0.0296875 0.05078125
3 0.56328125 0.3453125 0.06640625 0.04453125
3 0.42421875 0.9453125 0.0390625 0.02421875
3 0.3921875 0.9109375 0.06875 0.06171875
3 0.48828125 0.88203125 0.0390625 0.03125
3 0.571875 0.90859375 0.059375 0.04921875