2 0.74140625 0.34296875 0.0296875 0.03984375
2 0.6234375 0.69453125 0.04453125 0.0375
2 0.4375 0.178125 0.03203125 0.0109375
2 0.7875 0.57109375 0.04140625 0.0359375
2 0.83671875 0.64375 0.03671875 0.0375
2 0.87578125 0.646875 0.03671875 0.03125
2 0.8109375 0.6625 0.0296875 0.03125
2 0.796875 0.68359375 0.04140625 0.02890625
2 0.7921875 0.71328125 0.03203125 0.04453125
2 0.75390625 0.72421875 0.03984375 0.0359375
2 0.7296875 0.721875 0.0296875 0.03125
2 0.7171875 0.67421875 0.034375 0.0421875
2 0.67890625 0.67890625 0.03671875 0.03359375
2 0.6484375 0.7390625 0.05390625 0.0203125
2 0.665625 0.75859375 0.034375 0.02421875
2 0.67890625 0.77421875 0.021875 0.02421875
2 0.71328125 0.78125 0.0515625 0.05078125
2 0.70703125 0.3390625 0.0328125 0.02734375
2 0.5890625 0.6875 0.03203125 0.03359375
2 0.690625 0.721875 0.03984375 0.03203125
2 0.56875 0.2671875 0.04765625 0.02578125