1 0.74765625 0.55078125 0.02578125 0.03828125
1 0.71171875 0.54609375 0.03359375 0.034375
1 0.66484375 0.62421875 0.0328125 0.02265625
1 0.63359375 0.66328125 0.03359375 0.02265625
1 0.64375 0.6875 0.0234375 0.03671875
1 0.58046875 0.65390625 0.0453125 0.040625
1 0.5953125 0.6796875 0.0203125 0.015625
1 0.6 0.70546875 0.0296875 0.02734375
1 0.54921875 0.68828125 0.03046875 0.025
1 0.53046875 0.66484375 0.03359375 0.0359375
1 0.484375 0.696875 0.021875 0.03203125
1 0.5015625 0.74375 0.02734375 0.02734375
1 0.53046875 0.70859375 0.04375 0.05546875
1 0.48828125 0.80703125 0.04765625 0.04921875
1 0.540625 0.76484375 0.0203125 0.0203125
1 0.58125 0.74296875 0.0375 0.04765625
1 0.609375 0.7484375 0.01171875 0.03203125
1 0.6359375 0.77109375 0.03359375 0.0453125
1 0.4953125 0.53046875 0.040625 0.03828125
1 0.55625 0.78515625 0.03046875 0.02109375
1 0.684375 0.6984375 0.0234375 0.03203125
1 0.6609375 0.7453125 0.03046875 0.04296875
1 0.4125 0.50546875 0.03046875 0.0296875
1 0.4046875 0.46328125 0.021875 0.05234375
1 0.4390625 0.46640625 0.03359375 0.0359375
1 0.3484375 0.45625 0.0328125 0.05546875
1 0.47421875 0.2484375 0.021875 0.03828125
1 0.4109375 0.1578125 0.03359375 0.0453125
1 0.415625 0.08671875 0.0265625 0.040625
1 0.3703125 0.12890625 0.0234375 0.03359375
1 0.34375 0.07734375 0.02578125 0.02421875
1 0.53046875 0.5703125 0.0203125 0.0453125
1 0.50078125 0.4765625 0.0453125 0.065625
1 0.453125 0.40703125 0.03203125 0.05703125
1 0.69921875 0.5984375 0.02578125 0.03359375
1 0.528125 0.82734375 0.021875 0.05
1 0.809375 0.5453125 0.03046875 0.0359375
1 0.7796875 0.5984375 0.02890625 0.046875
1 0.85234375 0.58984375 0.03046875 0.04765625
1 0.86796875 0.55546875 0.0390625 0.02890625
1 0.7265625 0.71640625 0.0296875 0.05859375
1 0.76484375 0.6859375 0.0359375 0.0421875
1 0.8 0.690625 0.03046875 0.075
1 0.7953125 0.63125 0.02578125 0.0359375
1 0.78125 0.77109375 0.040625 0.05
1 0.746875 0.78984375 0.034375 0.04296875
1 0.6765625 0.65625 0.03515625 0.034375
1 0.7 0.80234375 0.0265625 0.03671875
1 0.57578125 0.89453125 0.03046875 0.02890625
1 0.4203125 0.5734375 0.0265625 0.02734375
1 0.50546875 0.35390625 0.03359375 0.0375
1 0.6125 0.56640625 0.0296875 0.03671875
1 0.63125 0.6359375 0.0328125 0.034375
1 0.83359375 0.68828125 0.02890625 0.0609375
1 0.50625 0.67265625 0.028125 0.03671875
1 0.52109375 0.42421875 0.03984375 0.0296875