2 0.7109375 0.21796875 0.03203125 0.03828125
2 0.66328125 0.2078125 0.0296875 0.01796875
2 0.27890625 0.653125 0.0296875 0.0265625
2 0.24296875 0.48515625 0.046875 0.06640625
2 0.36484375 0.746875 0.04921875 0.03984375
2 0.53125 0.7421875 0.04140625 0.03125
2 0.44609375 0.75625 0.04921875 0.046875
2 0.5765625 0.84609375 0.04453125 0.0265625
2 0.4453125 0.68984375 0.02734375 0.03359375
2 0.36796875 0.6390625 0.0296875 0.02890625
2 0.496875 0.18359375 0.04140625 0.04921875
2 0.41953125 0.359375 0.034375 0.046875
2 0.6953125 0.28515625 0.0296875 0.03125
2 0.77890625 0.35 0.04921875 0.03125
2 0.57421875 0.2046875 0.01953125 0.02890625
2 0.74296875 0.2109375 0.0171875 0.02421875
2 0.76484375 0.2078125 0.02734375 0.03125
2 0.7875 0.246875 0.06640625 0.0421875
2 0.503125 0.29453125 0.08359375 0.06640625
2 0.49453125 0.36953125 0.0765625 0.04921875
2 0.28515625 0.5828125 0.03671875 0.053125
2 0.2359375 0.57734375 0.03671875 0.02890625
2 0.43359375 0.8328125 0.03984375 0.03515625
2 0.53125 0.66484375 0.0515625 0.03984375
2 0.54453125 0.93359375 0.034375 0.0421875