1 0.55234375 0.1390625 0.04609375 0.0734375
1 0.43671875 0.18828125 0.05546875 0.0640625
1 0.45 0.24765625 0.04609375 0.0671875
1 0.490625 0.2984375 0.034375 0.0609375
1 0.5265625 0.31640625 0.04140625 0.0765625
1 0.390625 0.3484375 0.03671875 0.05078125
1 0.22265625 0.35 0.04375 0.0609375
1 0.68671875 0.2859375 0.0625 0.0859375
1 0.59453125 0.29375 0.04375 0.0578125
1 0.75625 0.33203125 0.0296875 0.0578125
1 0.79765625 0.3703125 0.0296875 0.05078125
1 0.1671875 0.58125 0.0484375 0.0640625
1 0.3453125 0.7921875 0.0390625 0.0765625
1 0.375 0.75234375 0.034375 0.0671875
1 0.25078125 0.76171875 0.0390625 0.09921875
1 0.246875 0.67109375 0.04609375 0.08984375
1 0.29453125 0.8671875 0.0390625 0.0609375
1 0.38828125 0.89765625 0.07421875 0.0703125
1 0.4296875 0.709375 0.05078125 0.0578125
1 0.50078125 0.725 0.04140625 0.05078125
1 0.521875 0.846875 0.05078125 0.08984375
1 0.74375 0.7015625 0.03671875 0.0796875
1 0.75859375 0.503125 0.034375 0.0546875
1 0.76640625 0.58984375 0.05546875 0.0734375
1 0.7109375 0.54765625 0.02734375 0.04765625
1 0.72265625 0.61953125 0.04609375 0.0765625
1 0.6625 0.6484375 0.03203125 0.0640625
1 0.709375 0.2015625 0.06953125 0.09609375
1 0.61171875 0.17578125 0.05546875 0.0640625
1 0.509375 0.23359375 0.0484375 0.0640625
1 0.521875 0.39140625 0.05546875 0.0671875
1 0.68046875 0.36875 0.0484375 0.0609375
1 0.70078125 0.46484375 0.0625 0.0609375
1 0.53359375 0.4984375 0.05546875 0.0640625
1 0.5796875 0.559375 0.05078125 0.0640625
1 0.5828125 0.63125 0.071875 0.0609375
1 0.61328125 0.83515625 0.0484375 0.0671875
1 0.44765625 0.87890625 0.03671875 0.0640625
1 0.76875 0.7984375 0.05078125 0.0640625
1 0.39921875 0.4859375 0.04140625 0.0703125
1 0.43984375 0.4875 0.0390625 0.04765625
1 0.465625 0.52578125 0.04375 0.04765625
1 0.4328125 0.41015625 0.0390625 0.0546875
1 0.6203125 0.54921875 0.0296875 0.05078125
1 0.60625 0.4828125 0.034375 0.0578125
1 0.75546875 0.38046875 0.03671875 0.05078125
1 0.79296875 0.5125 0.0296875 0.0609375
1 0.43984375 0.60859375 0.04375 0.04765625
1 0.3859375 0.6265625 0.04609375 0.04453125
1 0.36875 0.66796875 0.04375 0.0578125
1 0.3265625 0.66328125 0.02578125 0.03515625
1 0.30703125 0.6578125 0.03203125 0.03828125
1 0.24375 0.60859375 0.04375 0.04765625
1 0.21015625 0.60546875 0.03671875 0.04765625
1 0.2796875 0.4953125 0.04140625 0.05078125
1 0.39140625 0.578125 0.034375 0.05078125
1 0.54375 0.75546875 0.04375 0.0546875
1 0.51171875 0.66796875 0.0765625 0.04453125
1 0.58046875 0.68828125 0.0390625 0.04765625
1 0.615625 0.703125 0.0390625 0.0765625
1 0.69765625 0.75078125 0.04609375 0.0578125
1 0.7109375 0.83359375 0.04609375 0.0765625