1 0.478125 0.36484375 0.0171875 0.028125
1 0.478125 0.39140625 0.02734375 0.0203125
1 0.59765625 0.32421875 0.015625 0.04296875
1 0.57109375 0.33671875 0.0171875 0.03828125
1 0.471875 0.453125 0.0140625 0.0328125
1 0.48515625 0.440625 0.0203125 0.0125
1 0.48203125 0.47734375 0.02734375 0.02578125
1 0.478125 0.49921875 0.02734375 0.0125
1 0.47265625 0.55 0.01875 0.01796875
1 0.49453125 0.603125 0.021875 0.03828125
1 0.54296875 0.54140625 0.02734375 0.0203125
1 0.55859375 0.5890625 0.02890625 0.015625
1 0.546875 0.60546875 0.021875 0.04296875
1 0.50625 0.64765625 0.021875 0.03046875
1 0.521875 0.64375 0.015625 0.02265625
1 0.53515625 0.66953125 0.015625 0.04375
1 0.546875 0.6375 0.021875 0.0203125
1 0.55859375 0.646875 0.01875 0.02265625
1 0.5734375 0.63359375 0.0171875 0.01796875
1 0.54765625 0.68828125 0.01328125 0.0359375
1 0.565625 0.6859375 0.02890625 0.02578125
1 0.6 0.665625 0.01328125 0.0359375
1 0.6078125 0.684375 0.015625 0.02265625
1 0.62265625 0.71015625 0.025 0.0328125
1 0.640625 0.6765625 0.01328125 0.01796875
1 0.6515625 0.69453125 0.01171875 0.01796875
1 0.66640625 0.70703125 0.0203125 0.01796875
1 0.66796875 0.66953125 0.0375 0.03828125
1 0.5171875 0.58671875 0.0234375 0.03515625
1 0.50390625 0.53984375 0.0203125 0.028125
1 0.49609375 0.5625 0.02890625 0.0328125
1 0.5796875 0.3953125 0.015625 0.01796875
1 0.53828125 0.3875 0.01640625 0.01484375
1 0.5234375 0.40546875 0.015625 0.01640625
1 0.5171875 0.390625 0.01328125 0.02421875
1 0.6140625 0.38203125 0.01171875 0.015625
1 0.63984375 0.3625 0.01328125 0.01640625
1 0.653125 0.34296875 0.0140625 0.02109375
1 0.553125 0.571875 0.01875 0.02265625
1 0.53046875 0.55546875 0.01484375 0.015625
1 0.571875 0.6078125 0.015625 0.015625
1 0.58828125 0.69453125 0.01171875 0.01953125
1 0.48828125 0.5328125 0.01640625 0.0234375
1 0.50234375 0.49140625 0.01171875 0.01484375
1 0.48515625 0.46484375 0.021875 0.02421875
1 0.60703125 0.47265625 0.01640625 0.0234375
1 0.5109375 0.6203125 0.01484375 0.01875
1 0.534375 0.60859375 0.01328125 0.02109375
1 0.52421875 0.53359375 0.021875 0.01640625
1 0.48828125 0.51015625 0.01640625 0.0234375
1 0.67578125 0.4921875 0.01875 0.0265625
1 0.61015625 0.70703125 0.01328125 0.02265625
1 0.5078125 0.6765625 0.021875 0.025
1 0.465625 0.5375 0.01328125 0.0203125
1 0.478125 0.571875 0.01484375 0.01796875
1 0.49140625 0.63046875 0.0125 0.02265625
1 0.59375 0.71171875 0.01484375 0.021875
1 0.62421875 0.67109375 0.01484375 0.02265625
1 0.6171875 0.31953125 0.01484375 0.01953125
1 0.609375 0.33515625 0.01953125 0.021875
1 0.59140625 0.5484375 0.0140625 0.0203125
1 0.63125 0.265625 0.01328125 0.0171875
1 0.60078125 0.24375 0.015625 0.01796875
1 0.59296875 0.284375 0.0171875 0.0171875