2 0.3875 0.5625 0.04453125 0.0265625
2 0.38125 0.52890625 0.03203125 0.01796875
2 0.3796875 0.4625 0.0203125 0.01796875
2 0.35390625 0.48125 0.03671875 0.015625
2 0.35 0.509375 0.04453125 0.03125
2 0.28515625 0.35546875 0.04140625 0.0203125
2 0.28359375 0.30546875 0.0390625 0.0265625
2 0.28984375 0.3296875 0.02734375 0.0265625
2 0.66796875 0.69453125 0.02890625 0.0375
2 0.70625 0.68203125 0.06171875 0.04921875
2 0.69375 0.74453125 0.0515625 0.04453125
2 0.80234375 0.70546875 0.0515625 0.0375
2 0.58515625 0.7078125 0.03203125 0.02421875
2 0.5671875 0.74921875 0.03984375 0.03984375
2 0.52890625 0.7640625 0.0515625 0.0265625
2 0.6015625 0.7953125 0.025 0.0359375
2 0.54453125 0.8015625 0.04453125 0.03125
2 0.509375 0.80234375 0.03203125 0.0265625
2 0.46484375 0.79765625 0.03203125 0.03984375
2 0.5671875 0.83515625 0.04921875 0.02265625
2 0.56171875 0.85390625 0.04921875 0.0203125
2 0.5546875 0.96796875 0.04921875 0.0265625
2 0.5296875 0.94140625 0.04453125 0.03125
2 0.515625 0.9140625 0.03984375 0.02890625
2 0.4734375 0.9640625 0.0296875 0.03515625
2 0.64453125 0.94375 0.04140625 0.03984375
2 0.59296875 0.940625 0.04140625 0.02890625
2 0.8109375 0.83671875 0.02421875 0.03359375