1 0.3734375 0.2734375 0.06484375 0.05234375
1 0.57265625 0.496875 0.06328125 0.04609375
1 0.725 0.44765625 0.071875 0.0546875
1 0.81640625 0.62890625 0.06484375 0.03515625
1 0.81640625 0.503125 0.05859375 0.0640625
1 0.76953125 0.7390625 0.06171875 0.05390625
1 0.48671875 0.73359375 0.0984375 0.07265625
1 0.37421875 0.6546875 0.0796875 0.04609375
1 0.31875 0.66640625 0.06796875 0.0671875
1 0.3640625 0.70625 0.0765625 0.0453125
1 0.38359375 0.7578125 0.08515625 0.0625
1 0.203125 0.75703125 0.0734375 0.04375
1 0.4859375 0.8484375 0.053125 0.04375
1 0.5 0.7921875 0.06484375 0.05234375
1 0.7046875 0.8125 0.03828125 0.02265625
1 0.3390625 0.809375 0.0734375 0.04140625
1 0.31328125 0.8703125 0.05859375 0.05234375
1 0.440625 0.2921875 0.053125 0.05
1 0.328125 0.428125 0.0734375 0.03359375
1 0.3421875 0.46015625 0.08515625 0.05234375
1 0.50546875 0.415625 0.06640625 0.07109375
1 0.61953125 0.53125 0.06171875 0.0578125
1 0.69453125 0.4796875 0.071875 0.0296875
1 0.53046875 0.66328125 0.0734375 0.04609375
1 0.58828125 0.6328125 0.05859375 0.05390625
1 0.66953125 0.75859375 0.03125 0.0375
1 0.590625 0.80234375 0.053125 0.05
1 0.56484375 0.8609375 0.071875 0.0625
1 0.43046875 0.434375 0.08515625 0.05390625
1 0.17734375 0.5015625 0.0515625 0.0328125
1 0.02578125 0.50703125 0.0515625 0.03359375
1 0.015625 0.4578125 0.03125 0.0390625
1 0.16171875 0.65390625 0.06015625 0.0375
1 0.375 0.8921875 0.0484375 0.03984375
1 0.4484375 0.93828125 0.0484375 0.0359375
1 0.315625 0.97265625 0.0453125 0.03515625
1 0.29765625 0.928125 0.05 0.04140625
1 0.7703125 0.93671875 0.06640625 0.08359375
1 0.646875 0.61328125 0.06015625 0.07890625
1 0.73359375 0.5953125 0.046875 0.0390625
1 0.70703125 0.62421875 0.046875 0.04609375
1 0.81484375 0.55625 0.0484375 0.03984375
1 0.35859375 0.36640625 0.06796875 0.02734375
1 0.128125 0.5609375 0.06015625 0.02890625
1 0.33046875 0.6296875 0.078125 0.04609375
1 0.41328125 0.9796875 0.04140625 0.0328125
1 0.5546875 0.97578125 0.0515625 0.0359375
1 0.21875 0.9671875 0.05859375 0.0328125
1 0.18125 0.7046875 0.06015625 0.03515625
1 0.6421875 0.4453125 0.06328125 0.03984375
1 0.3984375 0.2390625 0.0546875 0.0296875