3 0.56171875 0.2359375 0.04375 0.02578125
3 0.73828125 0.1875 0.04375 0.03046875
3 0.7296875 0.15859375 0.05234375 0.02734375
3 0.47890625 0.32109375 0.034375 0.03515625
3 0.5328125 0.434375 0.05 0.02890625
3 0.5 0.47265625 0.0359375 0.03359375
3 0.5328125 0.53359375 0.03828125 0.03359375
3 0.58515625 0.5578125 0.05 0.03515625
3 0.6609375 0.61171875 0.04609375 0.03828125
3 0.59296875 0.6515625 0.03828125 0.03203125
3 0.8 0.65390625 0.05234375 0.03359375
3 0.475 0.56015625 0.0421875 0.03046875
3 0.45625 0.4609375 0.05234375 0.02890625