2 0.45078125 0.12890625 0.0625 0.046875
2 0.3921875 0.12734375 0.0984375 0.05703125
2 0.38515625 0.15234375 0.04453125 0.03359375
2 0.3546875 0.184375 0.05859375 0.04375
2 0.27421875 0.24140625 0.05859375 0.05078125
2 0.31015625 0.25078125 0.0484375 0.0296875
2 0.22421875 0.29765625 0.0484375 0.04921875
2 0.38125 0.2796875 0.04140625 0.03359375
2 0.31875 0.30703125 0.0484375 0.04921875
2 0.33515625 0.325 0.03359375 0.0359375
2 0.36171875 0.353125 0.04453125 0.02109375
2 0.5921875 0.5328125 0.04140625 0.03359375
2 0.6390625 0.5265625 0.04609375 0.03203125
2 0.29453125 0.525 0.07109375 0.03046875
2 0.29375 0.55546875 0.04453125 0.04375
2 0.21953125 0.69921875 0.05703125 0.04921875
2 0.27109375 0.65859375 0.0359375 0.0296875
2 0.29140625 0.690625 0.03203125 0.03203125
2 0.32265625 0.646875 0.04453125 0.0265625
2 0.3390625 0.6796875 0.04296875 0.0265625
2 0.36328125 0.70390625 0.05859375 0.03203125
2 0.39921875 0.7140625 0.04140625 0.046875
2 0.4390625 0.7125 0.03203125 0.02265625
2 0.36640625 0.62890625 0.0359375 0.0359375
2 0.3203125 0.59765625 0.04453125 0.04765625
2 0.35859375 0.5640625 0.06796875 0.053125
2 0.5578125 0.684375 0.0375 0.03359375
2 0.56875 0.65078125 0.04140625 0.03203125
2 0.51328125 0.63828125 0.03359375 0.03359375
2 0.47265625 0.65390625 0.08046875 0.0546875
2 0.40625 0.41875 0.15859375 0.07734375
2 0.48203125 0.55078125 0.0609375 0.053125
2 0.4046875 0.6 0.04140625 0.03984375
2 0.51953125 0.60234375 0.05703125 0.0359375