2 0.49765625 0.309375 0.025 0.05078125
2 0.54765625 0.26484375 0.0375 0.05859375
2 0.64375 0.40625 0.03046875 0.04609375
2 0.671875 0.43203125 0.03203125 0.05625
2 0.73203125 0.4390625 0.03359375 0.04609375
2 0.61484375 0.659375 0.01875 0.04375
2 0.6421875 0.665625 0.0234375 0.040625
2 0.75078125 0.584375 0.0203125 0.05078125
2 0.74453125 0.63671875 0.021875 0.03828125
2 0.74375 0.70390625 0.0375 0.05078125
2 0.6953125 0.7171875 0.0375 0.040625
2 0.70703125 0.75234375 0.0234375 0.0359375
2 0.5734375 0.75390625 0.0234375 0.0484375
2 0.60546875 0.79453125 0.03046875 0.0484375
2 0.61953125 0.82890625 0.021875 0.0609375
2 0.6515625 0.8 0.0359375 0.03828125
2 0.68828125 0.8875 0.03359375 0.06640625
2 0.56015625 0.909375 0.02890625 0.05390625
2 0.63828125 0.86796875 0.02578125 0.03203125
2 0.58515625 0.7109375 0.025 0.034375
2 0.6953125 0.37890625 0.0265625 0.0296875