3 0.4703125 0.29453125 0.02890625 0.05625
3 0.434375 0.4671875 0.02734375 0.05078125
3 0.4859375 0.62109375 0.025 0.03828125
3 0.66875 0.63671875 0.02578125 0.04296875
3 0.6453125 0.734375 0.021875 0.04609375
3 0.625 0.73203125 0.01875 0.03515625
3 0.5875 0.69375 0.03203125 0.04609375
3 0.58515625 0.7484375 0.02734375 0.04375
3 0.60546875 0.06484375 0.02734375 0.05625
3 0.57578125 0.19609375 0.02890625 0.0484375
3 0.65859375 0.5859375 0.021875 0.0328125
3 0.6953125 0.69140625 0.0171875 0.03515625
3 0.6078125 0.80703125 0.0359375 0.053125