3 0.76796875 0.39765625 0.04140625 0.0375
3 0.31328125 0.578125 0.034375 0.0359375
3 0.44296875 0.21953125 0.046875 0.0375
3 0.38984375 0.2765625 0.034375 0.03984375
3 0.465625 0.15703125 0.0203125 0.03125
3 0.8234375 0.41328125 0.03984375 0.0421875
3 0.8171875 0.51171875 0.03671875 0.0359375
3 0.8578125 0.52734375 0.04453125 0.02265625
3 0.84609375 0.5515625 0.04140625 0.0359375
3 0.85234375 0.58984375 0.025 0.03359375
3 0.82890625 0.67265625 0.021875 0.06015625
3 0.77890625 0.4390625 0.04921875 0.046875