1 0.46953125 0.62109375 0.05625 0.0203125
1 0.4265625 0.5921875 0.034375 0.015625
1 0.37890625 0.6078125 0.03203125 0.02421875
1 0.38203125 0.646875 0.0640625 0.03515625
1 0.3640625 0.66640625 0.046875 0.053125
1 0.271875 0.6359375 0.04453125 0.00859375
1 0.296875 0.6 0.03203125 0.01328125
1 0.31328125 0.7984375 0.05390625 0.02890625
1 0.37734375 0.821875 0.0640625 0.053125
1 0.26875 0.81171875 0.0390625 0.02890625
1 0.2515625 0.76640625 0.04921875 0.0265625
1 0.53984375 0.90859375 0.05390625 0.0265625
1 0.18125 0.575 0.0765625 0.05078125
1 0.13359375 0.7453125 0.06875 0.046875
1 0.34296875 0.721875 0.0390625 0.0265625
1 0.2875 0.57578125 0.06640625 0.0484375
1 0.2984375 0.85625 0.04453125 0.0203125
1 0.475 0.153125 0.04140625 0.0265625
1 0.47421875 0.1828125 0.06171875 0.04765625
1 0.08984375 0.6328125 0.04453125 0.03359375
1 0.09140625 0.67734375 0.04296875 0.04296875
1 0.2484375 0.8359375 0.04453125 0.0359375
1 0.42578125 0.83984375 0.05078125 0.02890625
1 0.41328125 0.86875 0.075 0.03828125
1 0.35 0.8609375 0.04453125 0.04765625
1 0.32890625 0.90390625 0.04140625 0.0296875
1 0.49765625 0.95234375 0.03515625 0.03046875
1 0.5328125 0.946875 0.028125 0.03203125
1 0.18671875 0.6625 0.04921875 0.03828125
1 0.2140625 0.5390625 0.046875 0.0328125
1 0.41328125 0.3515625 0.05234375 0.05234375
1 0.52890625 0.15703125 0.03984375 0.02578125
1 0.59453125 0.1640625 0.06875 0.03515625
1 0.65390625 0.15234375 0.03359375 0.02890625
1 0.63828125 0.19375 0.04453125 0.0359375
1 0.64296875 0.2265625 0.03984375 0.03046875
1 0.45703125 0.5890625 0.04140625 0.03515625
1 0.5125 0.6859375 0.0765625 0.05234375
1 0.5390625 0.621875 0.05078125 0.04296875
1 0.58046875 0.590625 0.04765625 0.05234375
1 0.178125 0.83203125 0.0453125 0.046875
1 0.303125 0.71484375 0.0546875 0.04765625
1 0.3421875 0.7578125 0.05234375 0.03515625
1 0.46015625 0.7796875 0.046875 0.03359375
1 0.08828125 0.571875 0.04375 0.028125
1 0.31875 0.4984375 0.04140625 0.0328125
1 0.70703125 0.5515625 0.0375 0.0359375
1 0.575 0.71328125 0.03515625 0.03203125
1 0.32578125 0.5953125 0.046875 0.03125
1 0.1921875 0.7390625 0.034375 0.03125
1 0.3921875 0.73828125 0.05546875 0.05234375
1 0.23515625 0.7390625 0.04453125 0.040625
1 0.459375 0.71484375 0.046875 0.03671875
1 0.4875 0.734375 0.0671875 0.04375