2 0.61640625 0.2125 0.0421875 0.05078125
2 0.66796875 0.1640625 0.05078125 0.05625
2 0.70625 0.125 0.0421875 0.06875
2 0.68984375 0.22421875 0.0609375 0.0640625
2 0.478125 0.475 0.04765625 0.08125
2 0.50546875 0.521875 0.02734375 0.0484375
2 0.475 0.5921875 0.03046875 0.0609375
2 0.5078125 0.6 0.03515625 0.05078125
2 0.54375 0.50390625 0.02578125 0.0484375
2 0.42578125 0.690625 0.03046875 0.0640625
2 0.4796875 0.73046875 0.03046875 0.05859375
2 0.475 0.7703125 0.05078125 0.0609375
2 0.41015625 0.8046875 0.0390625 0.053125
2 0.48359375 0.82109375 0.0609375 0.040625
2 0.52578125 0.78671875 0.04765625 0.0484375
2 0.5609375 0.8203125 0.04375 0.0640625
2 0.53671875 0.853125 0.05234375 0.0484375
2 0.4921875 0.86328125 0.0609375 0.03828125
2 0.4390625 0.91171875 0.02734375 0.05859375
2 0.496875 0.88984375 0.03671875 0.03046875
2 0.51484375 0.928125 0.0453125 0.04609375
2 0.54609375 0.628125 0.03359375 0.05078125
2 0.56640625 0.57421875 0.04765625 0.040625
2 0.559375 0.73203125 0.04453125 0.06640625
2 0.56796875 0.40859375 0.05078125 0.040625
2 0.6015625 0.46640625 0.04765625 0.07421875
2 0.6265625 0.39765625 0.0390625 0.04375
2 0.63515625 0.475 0.02578125 0.0453125
2 0.66484375 0.6078125 0.04375 0.096875
2 0.67265625 0.390625 0.03046875 0.05078125
2 0.71875 0.371875 0.04765625 0.05859375
2 0.5953125 0.07890625 0.02734375 0.04375
2 0.62109375 0.09921875 0.03203125 0.05390625
2 0.65703125 0.10078125 0.0390625 0.06640625
2 0.65078125 0.040625 0.05390625 0.07890625