3 0.78359375 0.6265625 0.059375 0.0359375
3 0.73515625 0.628125 0.06171875 0.03359375
3 0.76171875 0.58359375 0.04453125 0.0375
3 0.646875 0.58828125 0.07109375 0.02890625
3 0.69609375 0.6625 0.06171875 0.0265625
3 0.734375 0.68125 0.0296875 0.02890625
3 0.78828125 0.66796875 0.04921875 0.03359375
3 0.70390625 0.70546875 0.05703125 0.0421875
3 0.71953125 0.73984375 0.0640625 0.03125
3 0.79375 0.72890625 0.0890625 0.04921875
3 0.78984375 0.49609375 0.06171875 0.0484375
3 0.5953125 0.65859375 0.03203125 0.02421875