2 0.51875 0.50390625 0.03046875 0.04375
2 0.3546875 0.60390625 0.01328125 0.0328125
2 0.49375 0.728125 0.03359375 0.028125
2 0.49375 0.759375 0.0203125 0.02265625
2 0.5 0.78046875 0.0171875 0.02578125
2 0.3875 0.803125 0.01875 0.02578125
2 0.4546875 0.75859375 0.0203125 0.053125
2 0.4546875 0.80703125 0.03046875 0.03828125
2 0.5921875 0.7234375 0.01875 0.053125
2 0.6140625 0.69765625 0.0234375 0.03828125
2 0.675 0.65859375 0.015625 0.02578125
2 0.69140625 0.69140625 0.0171875 0.03515625
2 0.6890625 0.73359375 0.01875 0.03828125
2 0.65234375 0.75859375 0.0375 0.053125
2 0.6109375 0.7921875 0.025 0.03828125
2 0.52734375 0.6328125 0.04375 0.06640625
2 0.43125 0.7625 0.0203125 0.040625
2 0.40703125 0.75390625 0.0234375 0.03828125
2 0.41796875 0.82734375 0.02578125 0.05390625
2 0.3921875 0.62265625 0.01953125 0.03671875
2 0.4390625 0.6890625 0.034375 0.03671875