3 0.3640625 0.21015625 0.05625 0.04453125
3 0.70390625 0.15703125 0.0421875 0.03984375
3 0.80546875 0.25546875 0.07890625 0.05078125
3 0.78828125 0.3375 0.0640625 0.02890625
3 0.86640625 0.35078125 0.06171875 0.0421875
3 0.83125 0.5328125 0.05625 0.03359375
3 0.85390625 0.56484375 0.0515625 0.0359375
3 0.759375 0.628125 0.04921875 0.04609375
3 0.80703125 0.6921875 0.03671875 0.046875
3 0.75390625 0.703125 0.04453125 0.06015625
3 0.7171875 0.78046875 0.08359375 0.046875
3 0.71953125 0.825 0.03984375 0.0375
3 0.76484375 0.85625 0.04140625 0.02890625
3 0.8 0.82109375 0.0515625 0.0375
3 0.65390625 0.909375 0.04140625 0.0375