1 0.60390625 0.45078125 0.06015625 0.07734375
1 0.53046875 0.4359375 0.06953125 0.05546875
1 0.4859375 0.4484375 0.03671875 0.0296875
1 0.5625 0.3796875 0.04140625 0.02109375
1 0.57421875 0.32421875 0.03671875 0.03828125
1 0.6203125 0.2125 0.05546875 0.05546875
1 0.67109375 0.2078125 0.03671875 0.03828125
1 0.659375 0.2421875 0.06015625 0.0296875
1 0.75703125 0.33046875 0.04140625 0.04296875
1 0.75703125 0.1609375 0.06015625 0.05546875
1 0.26640625 0.1546875 0.06015625 0.04296875
1 0.26171875 0.23359375 0.06015625 0.05546875
1 0.2265625 0.27890625 0.06484375 0.0515625
1 0.3125 0.4078125 0.04140625 0.04296875
1 0.35390625 0.384375 0.04140625 0.0296875
1 0.409375 0.41015625 0.06015625 0.046875
1 0.3890625 0.459375 0.07421875 0.0515625
1 0.22890625 0.5625 0.06953125 0.0515625
1 0.21796875 0.7234375 0.04609375 0.03828125
1 0.2359375 0.665625 0.07421875 0.07734375
1 0.21796875 0.79375 0.07421875 0.034375
1 0.28671875 0.76171875 0.07421875 0.05546875
1 0.27578125 0.87734375 0.06953125 0.07265625
1 0.29375 0.80703125 0.06953125 0.04296875
1 0.34453125 0.8453125 0.06953125 0.0515625
1 0.39375 0.8265625 0.06484375 0.05546875
1 0.48828125 0.19921875 0.10625 0.08984375
1 0.52109375 0.26640625 0.07890625 0.04296875
1 0.47421875 0.309375 0.096875 0.09453125
1 0.1390625 0.34765625 0.05546875 0.06875
1 0.21796875 0.34296875 0.08359375 0.0515625
1 0.25703125 0.384375 0.06953125 0.046875
1 0.2453125 0.42734375 0.08359375 0.0296875
1 0.25703125 0.4875 0.07890625 0.0640625
1 0.33828125 0.51953125 0.05546875 0.02578125
1 0.375 0.546875 0.028125 0.046875
1 0.35390625 0.60703125 0.06953125 0.05546875
1 0.365625 0.66328125 0.07421875 0.05546875
1 0.2984375 0.690625 0.06015625 0.0515625
1 0.35625 0.7359375 0.06484375 0.05546875
1 0.46328125 0.59453125 0.09296875 0.05546875
1 0.5 0.64140625 0.09296875 0.0640625
1 0.56015625 0.58359375 0.04609375 0.034375
1 0.43984375 0.6890625 0.07421875 0.046875
1 0.446875 0.746875 0.06015625 0.04296875
1 0.50234375 0.75078125 0.04140625 0.04296875
1 0.51640625 0.80078125 0.05078125 0.046875
1 0.54609375 0.71015625 0.06484375 0.046875
1 0.58125 0.746875 0.06953125 0.04296875
1 0.678125 0.6484375 0.06015625 0.034375
1 0.66171875 0.73203125 0.08359375 0.03828125
1 0.7015625 0.8046875 0.096875 0.05546875