1 0.75859375 0.365625 0.0453125 0.0234375
1 0.771875 0.33671875 0.034375 0.034375
1 0.825 0.34921875 0.040625 0.03515625
1 0.87578125 0.3203125 0.0234375 0.03203125
1 0.81953125 0.27734375 0.0296875 0.0203125
1 0.86640625 0.2859375 0.0234375 0.028125
1 0.915625 0.26796875 0.05625 0.015625
1 0.940625 0.25625 0.046875 0.02734375
1 0.7359375 0.41640625 0.059375 0.0296875
1 0.78046875 0.4078125 0.0359375 0.0234375
1 0.62734375 0.4640625 0.0359375 0.03515625
1 0.6109375 0.4515625 0.05 0.025
1 0.59453125 0.4796875 0.0359375 0.03984375
1 0.6078125 0.5109375 0.05 0.02578125
1 0.59765625 0.55234375 0.0421875 0.0375
1 0.66875 0.52734375 0.053125 0.028125
1 0.6359375 0.54375 0.028125 0.0296875
1 0.6875 0.565625 0.04375 0.0296875
1 0.6296875 0.56875 0.046875 0.03046875
1 0.65703125 0.5890625 0.0234375 0.02265625
1 0.6921875 0.59609375 0.040625 0.0296875
1 0.65 0.64296875 0.053125 0.05078125
1 0.72890625 0.6203125 0.0328125 0.04453125
1 0.75234375 0.6125 0.0203125 0.02265625
1 0.78828125 0.64609375 0.0609375 0.03515625
1 0.7734375 0.67421875 0.06875 0.046875
1 0.8546875 0.6890625 0.053125 0.0375
1 0.87265625 0.6140625 0.0296875 0.0328125
1 0.88984375 0.596875 0.0234375 0.0375
1 0.78671875 0.59296875 0.0359375 0.03046875
1 0.825 0.5828125 0.034375 0.0375
1 0.86328125 0.553125 0.0171875 0.03515625
1 0.909375 0.5609375 0.021875 0.0296875
1 0.89453125 0.5390625 0.0453125 0.05546875
1 0.83203125 0.54375 0.0390625 0.034375
1 0.771875 0.55078125 0.053125 0.03984375
1 0.7265625 0.56015625 0.05 0.03984375
1 0.73046875 0.52109375 0.0359375 0.025
1 0.78125 0.5125 0.046875 0.046875
1 0.76015625 0.48359375 0.0296875 0.0296875
1 0.72890625 0.46796875 0.0328125 0.0234375
1 0.78828125 0.45390625 0.0390625 0.03515625
1 0.8296875 0.44453125 0.0375 0.04453125
1 0.87421875 0.45 0.0328125 0.0328125
1 0.80859375 0.484375 0.0265625 0.02265625
1 0.83828125 0.50703125 0.0203125 0.02265625
1 0.8515625 0.47265625 0.028125 0.0203125
1 0.596875 0.5859375 0.03125 0.02734375
1 0.7234375 0.49765625 0.021875 0.015625
1 0.83046875 0.40234375 0.0265625 0.0203125
1 0.86796875 0.43046875 0.0203125 0.01875
1 0.6546875 0.4296875 0.021875 0.015625
1 0.66328125 0.44921875 0.0328125 0.0203125
1 0.86953125 0.35 0.0265625 0.015625
1 0.82421875 0.62109375 0.0296875 0.0140625
1 0.90234375 0.7046875 0.0265625 0.01875
1 0.64765625 0.6078125 0.0328125 0.02265625
1 0.8828125 0.47734375 0.028125 0.0203125
1 0.89296875 0.5046875 0.0265625 0.01796875
1 0.8421875 0.63984375 0.025 0.015625
1 0.68671875 0.50234375 0.0328125 0.01796875
1 0.71015625 0.44921875 0.0265625 0.02109375