2 0.559375 0.034375 0.07109375 0.0609375
2 0.6921875 0.1375 0.06875 0.04609375
2 0.80234375 0.23046875 0.0578125 0.05
2 0.78671875 0.16484375 0.06328125 0.0484375
2 0.58046875 0.2609375 0.07109375 0.04453125
2 0.53984375 0.3265625 0.0734375 0.0421875
2 0.40625 0.34375 0.06015625 0.03671875
2 0.43671875 0.40703125 0.1 0.08125
2 0.38046875 0.4515625 0.06015625 0.0421875
2 0.22734375 0.3734375 0.04453125 0.03671875
2 0.24453125 0.41875 0.05234375 0.0421875
2 0.31484375 0.36796875 0.065625 0.03359375
2 0.309375 0.40390625 0.04453125 0.05390625
2 0.63671875 0.56484375 0.0421875 0.05
2 0.73125 0.52890625 0.0578125 0.03359375
2 0.80390625 0.48515625 0.0921875 0.05390625
2 0.9234375 0.5859375 0.05234375 0.0484375
2 0.7171875 0.76328125 0.08125 0.08125
2 0.65546875 0.32890625 0.06328125 0.0484375
2 0.48125 0.03203125 0.0734375 0.0421875
2 0.51015625 0.521875 0.0578125 0.04609375
2 0.4671875 0.51640625 0.065625 0.0421875
2 0.14375 0.5828125 0.065625 0.06484375
2 0.1578125 0.678125 0.06875 0.07421875
2 0.2921875 0.821875 0.0734375 0.04609375
2 0.43125 0.82265625 0.06875 0.04453125
2 0.60234375 0.81328125 0.06328125 0.040625
2 0.32890625 0.66328125 0.0734375 0.059375