1 0.88203125 0.6046875 0.0296875 0.04453125
1 0.828125 0.57734375 0.04921875 0.02890625
1 0.76015625 0.53125 0.046875 0.04921875
1 0.7171875 0.5203125 0.034375 0.03984375
1 0.53984375 0.57265625 0.0390625 0.03359375
1 0.5828125 0.56484375 0.05625 0.03984375
1 0.58046875 0.6078125 0.0515625 0.0421875
1 0.48359375 0.62890625 0.04453125 0.04453125
1 0.72421875 0.5984375 0.03984375 0.0265625
1 0.6171875 0.64765625 0.0421875 0.02890625
1 0.6765625 0.55703125 0.04140625 0.02890625
1 0.7453125 0.6953125 0.0515625 0.0265625
1 0.7109375 0.68359375 0.0515625 0.0421875
1 0.640625 0.6921875 0.034375 0.02421875
1 0.5390625 0.7 0.03671875 0.03984375
1 0.62109375 0.7421875 0.04453125 0.0359375
1 0.64296875 0.79609375 0.0390625 0.06484375
1 0.7296875 0.740625 0.0390625 0.03359375
1 0.74296875 0.7796875 0.0515625 0.03984375
1 0.56796875 0.7953125 0.04140625 0.04453125
1 0.59921875 0.25390625 0.059375 0.04453125
1 0.52109375 0.2125 0.05703125 0.04921875
1 0.3515625 0.26640625 0.046875 0.03359375
1 0.2765625 0.2578125 0.0640625 0.05078125
1 0.3859375 0.39296875 0.05625 0.05078125
1 0.52890625 0.62421875 0.03671875 0.04921875
1 0.78828125 0.60234375 0.05390625 0.0578125
1 0.70703125 0.6265625 0.059375 0.0484375
1 0.596875 0.7078125 0.03984375 0.05078125
1 0.6421875 0.5125 0.046875 0.03359375
1 0.79609375 0.7421875 0.059375 0.053125
1 0.571875 0.85546875 0.06875 0.06640625
1 0.5015625 0.86328125 0.046875 0.046875
1 0.740625 0.921875 0.05703125 0.053125
1 0.3703125 0.48125 0.0375 0.04140625
1 0.41953125 0.4921875 0.04140625 0.028125
1 0.6546875 0.89140625 0.03984375 0.02421875
1 0.5140625 0.92109375 0.03671875 0.03125
1 0.32890625 0.88359375 0.03046875 0.03671875
1 0.45 0.82109375 0.0359375 0.03828125
1 0.48125 0.76171875 0.05546875 0.04921875
1 0.5328125 0.7296875 0.03203125 0.02578125
1 0.678125 0.759375 0.03359375 0.05546875
1 0.82890625 0.7421875 0.03828125 0.04375
1 0.64375 0.6140625 0.04453125 0.03515625
1 0.5765625 0.65625 0.04921875 0.04375
1 0.31640625 0.30546875 0.06640625 0.04296875
1 0.4328125 0.2546875 0.03203125 0.03203125
1 0.32890625 0.23203125 0.0421875 0.0234375
1 0.39765625 0.83671875 0.04140625 0.0265625
1 0.3640625 0.859375 0.03671875 0.0359375
1 0.31328125 0.85390625 0.0296875 0.0234375
1 0.53671875 0.05625 0.0421875 0.028125
1 0.5859375 0.1140625 0.046875 0.03203125