3 0.5875 0.37265625 0.03203125 0.02890625
3 0.59921875 0.33671875 0.04453125 0.01796875
3 0.55703125 0.2296875 0.0296875 0.0265625
3 0.5484375 0.26640625 0.03203125 0.0375
3 0.61171875 0.22421875 0.03984375 0.03828125
3 0.6359375 0.2609375 0.04921875 0.03515625
3 0.4609375 0.09765625 0.025 0.02421875
3 0.45 0.1546875 0.0515625 0.03984375
3 0.503125 0.1734375 0.034375 0.03359375
3 0.36484375 0.2421875 0.059375 0.02421875
3 0.49453125 0.8640625 0.04140625 0.03515625
3 0.44765625 0.8421875 0.08125 0.04453125
3 0.56796875 0.85 0.0515625 0.03359375