1 0.57265625 0.18515625 0.08828125 0.0703125
1 0.64296875 0.15703125 0.06015625 0.0515625
1 0.69375 0.0328125 0.05859375 0.0578125
1 0.92109375 0.18515625 0.0421875 0.0453125
1 0.44296875 0.534375 0.06015625 0.06484375
1 0.4375 0.61796875 0.06640625 0.0421875
1 0.45078125 0.675 0.0578125 0.05390625
1 0.4 0.65625 0.07109375 0.04140625
1 0.32578125 0.640625 0.06015625 0.04765625
1 0.3125 0.54453125 0.05234375 0.0578125
1 0.26640625 0.59296875 0.0515625 0.05234375
1 0.32734375 0.7046875 0.0578125 0.0421875
1 0.52421875 0.79609375 0.0625 0.0546875
1 0.62265625 0.76875 0.04609375 0.05234375
1 0.51015625 0.8390625 0.0515625 0.05859375
1 0.45 0.8765625 0.06328125 0.0609375
1 0.16484375 0.84765625 0.0546875 0.06640625
1 0.28515625 0.9109375 0.0609375 0.0421875
1 0.38984375 0.9265625 0.0453125 0.04140625
1 0.33359375 0.93515625 0.05390625 0.0578125
1 0.7875 0.140625 0.05390625 0.0609375
1 0.63125 0.09296875 0.0515625 0.06015625
1 0.75 0.10546875 0.03984375 0.05234375
1 0.49140625 0.309375 0.05390625 0.03515625
1 0.32265625 0.390625 0.0484375 0.06015625
1 0.34296875 0.303125 0.04375 0.04609375
1 0.37265625 0.50625 0.04609375 0.05390625
1 0.53515625 0.56640625 0.0484375 0.04375
1 0.61171875 0.63359375 0.05 0.04609375
1 0.58203125 0.69375 0.03515625 0.02890625
1 0.33515625 0.76015625 0.04609375 0.04140625
1 0.4453125 0.75546875 0.05 0.06640625
1 0.45859375 0.928125 0.0234375 0.0484375
1 0.646875 0.88203125 0.0375 0.0328125
1 0.22421875 0.84140625 0.0390625 0.04609375
1 0.21171875 0.89140625 0.04140625 0.04609375
1 0.38046875 0.85859375 0.0453125 0.0328125
1 0.37421875 0.70703125 0.0265625 0.02734375
1 0.3953125 0.7203125 0.03359375 0.02890625
1 0.34921875 0.57421875 0.0375 0.0328125
1 0.40859375 0.484375 0.03359375 0.03515625
1 0.21875 0.45859375 0.0359375 0.03359375
1 0.4109375 0.28671875 0.03515625 0.0375
1 0.4328125 0.21484375 0.04375 0.0390625
1 0.9828125 0.228125 0.03125 0.04375
1 0.9828125 0.28125 0.0328125 0.0421875
1 0.703125 0.23828125 0.04140625 0.03359375
1 0.5515625 0.91328125 0.07109375 0.0453125
1 0.47265625 0.96171875 0.0734375 0.0484375
1 0.40859375 0.98671875 0.0578125 0.0234375
1 0.3390625 0.984375 0.0359375 0.02890625
1 0.3671875 0.96953125 0.0375 0.03359375
1 0.42421875 0.809375 0.03515625 0.03984375
1 0.3828125 0.76953125 0.0390625 0.0296875
1 0.82265625 0.590625 0.0421875 0.0375
1 0.1703125 0.5109375 0.0515625 0.04375
1 0.17890625 0.80078125 0.03984375 0.0328125
1 0.4953125 0.78984375 0.0421875 0.0375
1 0.4984375 0.59609375 0.0390625 0.03515625
1 0.53828125 0.87578125 0.06484375 0.04765625
1 0.71875 0.74296875 0.0375 0.03125