3 0.58828125 0.35390625 0.03671875 0.0453125
3 0.51015625 0.44609375 0.0375 0.071875
3 0.5515625 0.59921875 0.0390625 0.08984375
3 0.5609375 0.459375 0.03359375 0.075
3 0.5453125 0.29453125 0.02578125 0.05703125
3 0.42890625 0.3046875 0.040625 0.05390625
3 0.47578125 0.3109375 0.02578125 0.0546875
3 0.43203125 0.43125 0.03515625 0.0546875
3 0.4140625 0.50390625 0.04453125 0.0484375
3 0.471875 0.45390625 0.0421875 0.05703125
3 0.53046875 0.675 0.0203125 0.0484375
3 0.56875 0.7359375 0.03203125 0.0390625
3 0.603125 0.565625 0.03671875 0.05078125
3 0.621875 0.49921875 0.040625 0.08125
3 0.596875 0.41796875 0.0265625 0.05703125
3 0.58984375 0.28359375 0.0265625 0.071875
3 0.63125 0.259375 0.03203125 0.0546875
3 0.52734375 0.24609375 0.02734375 0.0453125
3 0.61640625 0.63828125 0.021875 0.0359375
3 0.521875 0.51953125 0.03046875 0.05078125
3 0.60859375 0.77890625 0.02578125 0.046875