2 0.53515625 0.20859375 0.07734375 0.0515625
2 0.25625 0.1875 0.0625 0.053125
2 0.175 0.21953125 0.06484375 0.046875
2 0.1203125 0.24296875 0.05546875 0.0578125
2 0.24296875 0.32734375 0.12421875 0.075
2 0.37734375 0.26171875 0.05625 0.0421875
2 0.53203125 0.40703125 0.109375 0.0625
2 0.43828125 0.45 0.065625 0.0421875
2 0.53828125 0.4734375 0.1 0.0578125
2 0.67421875 0.40703125 0.08828125 0.0625
2 0.27421875 0.49453125 0.09140625 0.06875
2 0.3703125 0.4484375 0.13046875 0.07265625
2 0.22734375 0.6078125 0.09140625 0.078125
2 0.15 0.5453125 0.0625 0.0421875
2 0.35703125 0.70078125 0.08671875 0.0734375
2 0.26015625 0.86875 0.07734375 0.06171875
2 0.43515625 0.7953125 0.07109375 0.04921875
2 0.62734375 0.653125 0.07734375 0.0578125
2 0.52265625 0.6859375 0.02578125 0.02890625
2 0.753125 0.640625 0.04375 0.05546875
2 0.81328125 0.5578125 0.09375 0.04375