2 0.52578125 0.54609375 0.04375 0.05625
2 0.371875 0.55625 0.040625 0.0453125
2 0.40078125 0.61484375 0.03046875 0.05078125
2 0.4171875 0.6671875 0.040625 0.0640625
2 0.3453125 0.61875 0.0453125 0.0640625
2 0.48984375 0.69296875 0.0375 0.05859375
2 0.4234375 0.77421875 0.03203125 0.0640625
2 0.575 0.7234375 0.02734375 0.0328125
2 0.58515625 0.7515625 0.04375 0.07890625
2 0.53828125 0.628125 0.02890625 0.04609375
2 0.59140625 0.65234375 0.06796875 0.06875
2 0.36640625 0.39609375 0.046875 0.09140625
2 0.390625 0.33203125 0.04375 0.06640625
2 0.40078125 0.4015625 0.04375 0.07109375
2 0.58671875 0.53203125 0.05390625 0.0328125
2 0.55 0.27734375 0.04921875 0.08359375
2 0.6046875 0.19921875 0.0421875 0.07890625
2 0.575 0.34140625 0.040625 0.07421875
2 0.6484375 0.1859375 0.03515625 0.08359375
2 0.6765625 0.2265625 0.040625 0.0640625
2 0.740625 0.25234375 0.040625 0.0484375
2 0.72734375 0.2875 0.03046875 0.06328125
2 0.73203125 0.34296875 0.0234375 0.0609375
2 0.6265625 0.41484375 0.05234375 0.06875
2 0.6421875 0.49296875 0.05390625 0.0765625
2 0.6796875 0.4953125 0.0578125 0.07109375
2 0.7234375 0.54140625 0.0640625 0.08125
2 0.659375 0.578125 0.04375 0.05859375
2 0.6984375 0.6 0.03046875 0.040625
2 0.7203125 0.6546875 0.05703125 0.07421875