2 0.43828125 0.52734375 0.03203125 0.0484375
2 0.4765625 0.5640625 0.0375 0.03046875
2 0.48515625 0.6140625 0.040625 0.05859375
2 0.4515625 0.60390625 0.034375 0.053125
2 0.371875 0.72109375 0.04375 0.06328125
2 0.4 0.7421875 0.0390625 0.040625
2 0.453125 0.78046875 0.03046875 0.06640625
2 0.52578125 0.42265625 0.01328125 0.03828125
2 0.55 0.19765625 0.03203125 0.0359375
2 0.66015625 0.284375 0.02890625 0.03515625
2 0.66015625 0.2203125 0.025 0.05078125
2 0.515625 0.28515625 0.02734375 0.04296875
2 0.6078125 0.72578125 0.0359375 0.06875
2 0.565625 0.73984375 0.02890625 0.0609375
2 0.61484375 0.82734375 0.02890625 0.05390625
2 0.5921875 0.88203125 0.0359375 0.04609375
2 0.5109375 0.35546875 0.01875 0.0609375
2 0.4921875 0.3796875 0.03046875 0.053125
2 0.4796875 0.67890625 0.02734375 0.0453125
2 0.3484375 0.86484375 0.0234375 0.028125
2 0.54765625 0.625 0.0265625 0.03671875