1 0.58984375 0.915625 0.040625 0.03828125
1 0.56796875 0.85390625 0.05234375 0.03359375
1 0.59453125 0.7609375 0.06640625 0.0421875
1 0.6921875 0.68515625 0.07421875 0.05078125
1 0.6359375 0.68046875 0.05234375 0.05078125
1 0.915625 0.67265625 0.0578125 0.04609375
1 0.84765625 0.6734375 0.0546875 0.03984375
1 0.7484375 0.634375 0.07109375 0.0421875
1 0.784375 0.50703125 0.0546875 0.03984375
1 0.775 0.54140625 0.0578125 0.05546875
1 0.84609375 0.553125 0.00859375 0.00859375
1 0.8328125 0.5421875 0.03046875 0.03515625
1 0.86171875 0.54375 0.0765625 0.0421875
1 0.92265625 0.49921875 0.0390625 0.0640625
1 0.8453125 0.2984375 0.04375 0.03984375
1 0.78125 0.28125 0.0546875 0.05078125
1 0.78984375 0.24375 0.0609375 0.04765625
1 0.26796875 0.27890625 0.078125 0.04609375
1 0.696875 0.14140625 0.10703125 0.05546875
1 0.69375 0.746875 0.03359375 0.03828125
1 0.703125 0.796875 0.08125 0.05390625
1 0.81875 0.78046875 0.06953125 0.0421875
1 0.7375 0.58359375 0.06640625 0.0515625
1 0.72734375 0.2515625 0.0640625 0.0578125
1 0.365625 0.14453125 0.06796875 0.03828125
1 0.3828125 0.19609375 0.1015625 0.0359375
1 0.34140625 0.24296875 0.08515625 0.0578125
1 0.30078125 0.36328125 0.021875 0.01015625
1 0.2640625 0.346875 0.08125 0.05390625
1 0.615625 0.6234375 0.0609375 0.0328125
1 0.79296875 0.67578125 0.07265625 0.03984375
1 0.80625 0.5984375 0.07109375 0.05078125
1 0.6984375 0.89765625 0.0609375 0.04609375
1 0.103125 0.2078125 0.04609375 0.03359375
1 0.09140625 0.25625 0.04921875 0.02734375
1 0.21484375 0.259375 0.040625 0.0328125
1 0.15078125 0.26796875 0.04921875 0.0390625
1 0.42890625 0.04375 0.08984375 0.03671875
1 0.5171875 0.1796875 0.04375 0.04140625
1 0.64765625 0.0984375 0.06953125 0.0390625
1 0.71484375 0.08359375 0.06796875 0.04140625
1 0.2265625 0.60234375 0.04765625 0.0328125
1 0.22265625 0.778125 0.05078125 0.0453125
1 0.36171875 0.903125 0.05390625 0.02734375
1 0.5046875 0.959375 0.0421875 0.0265625
1 0.59140625 0.8125 0.0375 0.03984375
1 0.53203125 0.75 0.0609375 0.06015625
1 0.7859375 0.71015625 0.04765625 0.03828125
1 0.709375 0.5125 0.05078125 0.03046875
1 0.55859375 0.515625 0.05078125 0.03515625
1 0.64921875 0.54921875 0.06640625 0.03359375
1 0.48359375 0.54609375 0.07109375 0.04453125
1 0.3890625 0.58671875 0.0390625 0.03125
1 0.33515625 0.28984375 0.06796875 0.03125
1 0.43359375 0.2828125 0.06640625 0.03515625