2 0.6359375 0.94296875 0.02421875 0.02890625
2 0.6140625 0.91171875 0.034375 0.0421875
2 0.48203125 0.75859375 0.02734375 0.03359375
2 0.44140625 0.76640625 0.03984375 0.03515625
2 0.42421875 0.8265625 0.04921875 0.053125
2 0.2890625 0.84921875 0.03984375 0.0375
2 0.23828125 0.8265625 0.04140625 0.0484375
2 0.23671875 0.7734375 0.0296875 0.0265625
2 0.375 0.74296875 0.025 0.03828125
2 0.44609375 0.68515625 0.034375 0.05078125
2 0.3875 0.6703125 0.034375 0.046875
2 0.31171875 0.6875 0.04140625 0.046875
2 0.52890625 0.64375 0.03671875 0.03359375
2 0.2 0.265625 0.03984375 0.03515625
2 0.28359375 0.21328125 0.0203125 0.03359375
2 0.390625 0.22890625 0.03671875 0.0421875
2 0.38125 0.3078125 0.03671875 0.03984375
2 0.571875 0.35625 0.03984375 0.0359375
2 0.53828125 0.3265625 0.046875 0.046875
2 0.53125 0.36328125 0.04140625 0.03125
2 0.46484375 0.303125 0.046875 0.0359375
2 0.49296875 0.58984375 0.059375 0.046875
2 0.7046875 0.90390625 0.03984375 0.01328125