2 0.36875 0.67109375 0.0515625 0.0265625
2 0.27109375 0.6203125 0.0546875 0.0265625
2 0.25546875 0.6375 0.06171875 0.04453125
2 0.22734375 0.678125 0.08359375 0.04453125
2 0.18671875 0.609375 0.08125 0.021875
2 0.17578125 0.6625 0.05390625 0.03515625
2 0.13515625 0.6234375 0.06640625 0.02890625
2 0.09765625 0.6625 0.0515625 0.053125
2 0.17578125 0.746875 0.06875 0.0484375
2 0.18125 0.8265625 0.0859375 0.0265625
2 0.23828125 0.78203125 0.06171875 0.02265625
2 0.259375 0.815625 0.0296875 0.04921875
2 0.234375 0.8875 0.04921875 0.02421875
2 0.3046875 0.8265625 0.05625 0.06640625
2 0.63984375 0.1921875 0.09609375 0.07578125
2 0.69765625 0.2421875 0.09375 0.06875
2 0.35703125 0.746875 0.03359375 0.02890625
2 0.15859375 0.5484375 0.04453125 0.03828125
2 0.321875 0.57578125 0.0390625 0.03203125
2 0.084375 0.5109375 0.0375 0.03203125
2 0.24765625 0.76015625 0.04375 0.02890625