3 0.69609375 0.13203125 0.04140625 0.04453125
3 0.76640625 0.15 0.03828125 0.05078125
3 0.60859375 0.6 0.0671875 0.053125
3 0.64296875 0.67734375 0.04921875 0.05078125
3 0.5578125 0.7859375 0.05390625 0.0609375
3 0.65234375 0.809375 0.0515625 0.04453125
3 0.4125 0.84296875 0.0515625 0.03984375
3 0.4203125 0.934375 0.0359375 0.03828125
3 0.4984375 0.6921875 0.03828125 0.04609375
3 0.46640625 0.63046875 0.04140625 0.04609375
3 0.396875 0.6125 0.02578125 0.0359375
3 0.4390625 0.68984375 0.03828125 0.05078125
3 0.440625 0.5609375 0.0671875 0.07578125