3 0.52890625 0.64296875 0.0421875 0.0359375
3 0.584375 0.68359375 0.05234375 0.04609375
3 0.69296875 0.6390625 0.0421875 0.05078125
3 0.68671875 0.58125 0.05390625 0.04296875
3 0.6578125 0.790625 0.04765625 0.04609375
3 0.5453125 0.8421875 0.07421875 0.06953125
3 0.44375 0.5734375 0.03984375 0.04921875
3 0.3890625 0.53125 0.05390625 0.04765625
3 0.45234375 0.53125 0.028125 0.028125
3 0.55625 0.2640625 0.05234375 0.04921875
3 0.75078125 0.159375 0.0578125 0.06015625
3 0.7859375 0.203125 0.04375 0.028125
3 0.2859375 0.57421875 0.05234375 0.06015625