3 0.8078125 0.5171875 0.0296875 0.03359375
3 0.80859375 0.55546875 0.03984375 0.04453125
3 0.76875 0.5984375 0.03984375 0.053125
3 0.71953125 0.62578125 0.034375 0.03828125
3 0.62265625 0.6421875 0.046875 0.04453125
3 0.54609375 0.71015625 0.0125 0.03828125
3 0.63359375 0.734375 0.0546875 0.0375
3 0.66015625 0.77890625 0.04921875 0.0421875
3 0.715625 0.715625 0.021875 0.03984375
3 0.8671875 0.7296875 0.04453125 0.046875
3 0.7453125 0.83984375 0.03671875 0.0484375
3 0.66796875 0.8234375 0.01484375 0.02421875
3 0.63203125 0.83125 0.03671875 0.0359375
3 0.6375 0.87265625 0.03203125 0.04453125