2 0.6140625 0.3140625 0.0390625 0.0265625
2 0.346875 0.32734375 0.03203125 0.01796875
2 0.31328125 0.303125 0.034375 0.02265625
2 0.2515625 0.359375 0.03984375 0.02421875
2 0.27109375 0.375 0.03984375 0.03359375
2 0.2 0.5234375 0.04375 0.02421875
2 0.1578125 0.609375 0.04453125 0.0265625
2 0.14296875 0.653125 0.04453125 0.04453125
2 0.18359375 0.65 0.03671875 0.0375
2 0.23046875 0.63046875 0.04140625 0.0375
2 0.2640625 0.6109375 0.034375 0.0359375
2 0.31484375 0.6125 0.04140625 0.03359375
2 0.390625 0.5828125 0.0515625 0.04453125
2 0.27890625 0.634375 0.034375 0.02421875
2 0.328125 0.67578125 0.04921875 0.0265625
2 0.28515625 0.6796875 0.03203125 0.03125
2 0.2796875 0.72421875 0.0421875 0.03984375
2 0.40078125 0.63359375 0.04140625 0.0265625
2 0.38984375 0.66015625 0.03984375 0.03125
2 0.375 0.7375 0.0546875 0.04453125
2 0.43125 0.69140625 0.0296875 0.03125
2 0.46953125 0.68671875 0.03671875 0.03125
2 0.509375 0.85703125 0.03203125 0.0484375
2 0.57578125 0.8859375 0.04140625 0.03125
2 0.65078125 0.82890625 0.034375 0.03125