2 0.52734375 0.353125 0.02734375 0.040625
2 0.49296875 0.509375 0.02578125 0.04296875
2 0.5 0.571875 0.003125 0.00546875
2 0.49140625 0.54609375 0.03203125 0.04609375
2 0.42109375 0.61015625 0.0171875 0.03515625
2 0.63046875 0.12265625 0.0375 0.05390625
2 0.53671875 0.20390625 0.02578125 0.05859375
2 0.471875 0.296875 0.03359375 0.05078125
2 0.52421875 0.29140625 0.05390625 0.0765625
2 0.58671875 0.2703125 0.0171875 0.03828125
2 0.5265625 0.45703125 0.0359375 0.040625
2 0.434375 0.4890625 0.034375 0.053125
2 0.5328125 0.5375 0.02734375 0.04375
2 0.53515625 0.6125 0.01484375 0.0203125
2 0.4609375 0.61328125 0.02890625 0.0484375
2 0.5328125 0.58359375 0.034375 0.0484375
2 0.48203125 0.62421875 0.03359375 0.04296875
2 0.503125 0.65078125 0.025 0.03515625
2 0.525 0.69140625 0.0421875 0.040625
2 0.565625 0.628125 0.0390625 0.05625
2 0.59921875 0.6796875 0.03203125 0.05390625
2 0.55234375 0.709375 0.0234375 0.0609375
2 0.63671875 0.6609375 0.03203125 0.0609375