3 0.48203125 0.4015625 0.03671875 0.0421875
3 0.553125 0.3671875 0.0515625 0.03125
3 0.5328125 0.44609375 0.04921875 0.05078125
3 0.65234375 0.2609375 0.04140625 0.0484375
3 0.6546875 0.1609375 0.046875 0.053125
3 0.6921875 0.22421875 0.034375 0.0421875
3 0.4078125 0.653125 0.046875 0.04453125
3 0.45234375 0.69453125 0.046875 0.0421875
3 0.49296875 0.6359375 0.034375 0.0796875
3 0.53515625 0.678125 0.04921875 0.03125
3 0.5875 0.715625 0.05703125 0.04453125
3 0.5234375 0.7390625 0.04140625 0.046875
3 0.5546875 0.78203125 0.0640625 0.03984375
3 0.64609375 0.69765625 0.0546875 0.04453125
3 0.68125 0.66328125 0.046875 0.05078125
3 0.66015625 0.746875 0.0546875 0.0484375
3 0.62109375 0.7890625 0.04453125 0.03984375