1 0.30234375 0.53671875 0.05390625 0.053125
1 0.3546875 0.51953125 0.02890625 0.046875
1 0.35625 0.41328125 0.0421875 0.04296875
1 0.5046875 0.234375 0.046875 0.0546875
1 0.45859375 0.17734375 0.053125 0.0625
1 0.2265625 0.30390625 0.04921875 0.071875
1 0.39296875 0.346875 0.075 0.0546875
1 0.43359375 0.5515625 0.0640625 0.059375
1 0.4578125 0.63125 0.04453125 0.065625
1 0.37421875 0.63515625 0.03984375 0.059375
1 0.353125 0.6625 0.0375 0.053125
1 0.33359375 0.6546875 0.04921875 0.03203125
1 0.28984375 0.7015625 0.01328125 0.03828125
1 0.3265625 0.7125 0.028125 0.04140625
1 0.34765625 0.73359375 0.0265625 0.03515625
1 0.37734375 0.70078125 0.03828125 0.03359375
1 0.41171875 0.67265625 0.028125 0.03828125
1 0.44453125 0.7125 0.0421875 0.04140625
1 0.35546875 0.803125 0.0265625 0.059375
1 0.42890625 0.8 0.0375 0.053125
1 0.47890625 0.7984375 0.03828125 0.05625
1 0.51640625 0.7640625 0.03828125 0.0515625
1 0.5328125 0.69921875 0.0515625 0.059375
1 0.55625 0.7484375 0.03828125 0.05625
1 0.6390625 0.6921875 0.03125 0.0453125
1 0.65625 0.67109375 0.02890625 0.03203125
1 0.65703125 0.71875 0.03046875 0.03828125
1 0.49765625 0.58984375 0.0328125 0.07578125
1 0.57578125 0.46875 0.053125 0.03828125
1 0.64453125 0.5140625 0.05546875 0.07890625
1 0.45703125 0.48828125 0.05078125 0.0609375
1 0.709375 0.6234375 0.02421875 0.03046875
1 0.68359375 0.60390625 0.05078125 0.0640625
1 0.3375 0.2875 0.03046875 0.03203125
1 0.39453125 0.278125 0.03125 0.03359375
1 0.4234375 0.28515625 0.0265625 0.04296875
1 0.44765625 0.415625 0.02421875 0.03515625
1 0.51484375 0.409375 0.0375 0.03828125
1 0.475 0.44765625 0.03359375 0.03515625
1 0.5109375 0.5453125 0.025 0.03046875
1 0.55703125 0.57578125 0.0375 0.03984375
1 0.54765625 0.646875 0.0265625 0.0484375
1 0.5953125 0.6265625 0.03046875 0.046875
1 0.6078125 0.7015625 0.02421875 0.03203125
1 0.42734375 0.846875 0.0203125 0.03359375
1 0.40625 0.85703125 0.028125 0.02890625
1 0.3625 0.85625 0.0328125 0.03671875
1 0.328125 0.84375 0.02890625 0.03359375
1 0.3 0.81953125 0.0328125 0.03671875
1 0.284375 0.7765625 0.025 0.03203125
1 0.32734375 0.7703125 0.028125 0.03203125
1 0.4140625 0.73203125 0.02421875 0.03828125