3 0.10859375 0.43828125 0.0640625 0.03125
3 0.1015625 0.490625 0.05390625 0.05078125
3 0.025 0.5046875 0.034375 0.02265625
3 0.0484375 0.57265625 0.046875 0.046875
3 0.19921875 0.56953125 0.05625 0.0484375
3 0.13984375 0.63125 0.06171875 0.04921875
3 0.153125 0.7109375 0.0296875 0.04453125
3 0.20859375 0.6765625 0.04140625 0.05546875
3 0.24296875 0.73203125 0.021875 0.0421875
3 0.275 0.73125 0.03671875 0.04921875
3 0.315625 0.8078125 0.03984375 0.0203125
3 0.340625 0.8953125 0.03984375 0.03984375
3 0.27890625 0.88046875 0.04921875 0.0421875
3 0.5015625 0.96171875 0.05625 0.04453125