1 0.359375 0.11953125 0.05625 0.0421875
1 0.390625 0.17265625 0.06015625 0.04609375
1 0.4703125 0.159375 0.040625 0.05234375
1 0.43671875 0.21171875 0.040625 0.03515625
1 0.503125 0.225 0.040625 0.040625
1 0.5375 0.20078125 0.040625 0.0390625
1 0.5296875 0.15078125 0.0171875 0.0375
1 0.54921875 0.14609375 0.04453125 0.02890625
1 0.30703125 0.228125 0.040625 0.03359375
1 0.3140625 0.26015625 0.0390625 0.03046875
1 0.27265625 0.271875 0.04453125 0.0453125
1 0.2375 0.2640625 0.04453125 0.04609375
1 0.59140625 0.32265625 0.05 0.05390625
1 0.21484375 0.31015625 0.07734375 0.0609375
1 0.121875 0.278125 0.06171875 0.040625
1 0.140625 0.31015625 0.06015625 0.02890625
1 0.16796875 0.33984375 0.06015625 0.0359375
1 0.22109375 0.39140625 0.03515625 0.02578125
1 0.1484375 0.3859375 0.04453125 0.03359375
1 0.1890625 0.403125 0.08359375 0.0375
1 0.12578125 0.4328125 0.0578125 0.0421875
1 0.115625 0.4578125 0.06796875 0.04375
1 0.18984375 0.43671875 0.0390625 0.03359375
1 0.20234375 0.46484375 0.05625 0.02734375
1 0.16953125 0.4953125 0.06796875 0.02578125
1 0.13203125 0.56875 0.07734375 0.0359375
1 0.18203125 0.6125 0.04296875 0.025
1 0.24609375 0.5625 0.06171875 0.0375
1 0.240625 0.59296875 0.05 0.02578125
1 0.2375 0.6328125 0.04453125 0.02734375
1 0.25 0.68828125 0.06171875 0.03515625
1 0.2625 0.725 0.05234375 0.0421875
1 0.31875 0.73046875 0.06015625 0.0609375
1 0.3984375 0.5796875 0.06796875 0.03203125
1 0.40390625 0.6109375 0.0328125 0.02734375
1 0.49140625 0.60625 0.071875 0.021875
1 0.44765625 0.63203125 0.05 0.0375
1 0.321875 0.63203125 0.04296875 0.02890625
1 0.3375 0.67265625 0.03515625 0.02578125
1 0.4359375 0.6921875 0.05 0.0421875
1 0.640625 0.75078125 0.0328125 0.03515625
1 0.60390625 0.71953125 0.0640625 0.0453125
1 0.38203125 0.68828125 0.05 0.040625
1 0.39765625 0.6546875 0.05 0.040625
1 0.453125 0.54765625 0.05 0.04609375
1 0.3625 0.5609375 0.08515625 0.04609375
1 0.35625 0.60078125 0.06171875 0.02734375
1 0.17890625 0.5296875 0.05234375 0.02734375
1 0.559375 0.77265625 0.03671875 0.0234375
1 0.50703125 0.80234375 0.03671875 0.021875
1 0.38984375 0.7203125 0.05 0.03203125
1 0.26953125 0.42890625 0.04296875 0.02890625
1 0.36328125 0.63203125 0.03671875 0.03515625
1 0.53203125 0.75078125 0.0328125 0.01484375
1 0.5328125 0.73671875 0.03515625 0.01875
1 0.52734375 0.725 0.03515625 0.021875
1 0.1015625 0.61640625 0.05625 0.03359375
1 0.29765625 0.53671875 0.0484375 0.02734375