2 0.47109375 0.16484375 0.04453125 0.02890625
2 0.43125 0.10546875 0.04921875 0.03984375
2 0.2625 0.32734375 0.06640625 0.04921875
2 0.24296875 0.3765625 0.0515625 0.07109375
2 0.18046875 0.3875 0.0546875 0.04453125
2 0.19375 0.3375 0.05625 0.0203125
2 0.14921875 0.290625 0.03671875 0.02890625
2 0.1765625 0.25 0.0515625 0.04453125
2 0.13359375 0.5125 0.04453125 0.0515625
2 0.19140625 0.471875 0.05625 0.04453125
2 0.2390625 0.496875 0.0390625 0.0375
2 0.221875 0.5234375 0.034375 0.02421875
2 0.17265625 0.55 0.0546875 0.05078125
2 0.20390625 0.6765625 0.05625 0.05546875
2 0.23203125 0.61875 0.04453125 0.02890625
2 0.24921875 0.653125 0.03984375 0.03984375
2 0.30703125 0.6609375 0.0515625 0.0375
2 0.34765625 0.62890625 0.04453125 0.03984375
2 0.403125 0.63046875 0.046875 0.0375
2 0.2796875 0.59609375 0.05703125 0.06171875
2 0.43046875 0.68984375 0.06171875 0.046875
2 0.37890625 0.69765625 0.06171875 0.03984375
2 0.34453125 0.71953125 0.03203125 0.03515625
2 0.3859375 0.76015625 0.0515625 0.04453125
2 0.19921875 0.8015625 0.05625 0.04453125
2 0.2234375 0.85078125 0.07109375 0.053125
2 0.271875 0.8796875 0.04453125 0.03125
2 0.4390625 0.875 0.04921875 0.04921875