2 0.38125 0.84453125 0.05625 0.04453125
2 0.43671875 0.84453125 0.04453125 0.03125
2 0.43984375 0.54765625 0.03671875 0.0375
2 0.540625 0.53125 0.06640625 0.06640625
2 0.665625 0.59140625 0.02421875 0.03125
2 0.66171875 0.62109375 0.0515625 0.05078125
2 0.6171875 0.64140625 0.05703125 0.06875
2 0.63984375 0.68203125 0.0515625 0.0578125
2 0.63203125 0.8828125 0.0421875 0.0421875
2 0.4390625 0.89609375 0.059375 0.05546875
2 0.3875 0.9171875 0.0296875 0.0265625
2 0.59140625 0.8984375 0.04921875 0.05078125
2 0.265625 0.684375 0.04765625 0.02890625
2 0.53515625 0.82890625 0.03359375 0.03125
2 0.49765625 0.484375 0.04921875 0.0328125
2 0.46796875 0.51875 0.04453125 0.0328125
2 0.45234375 0.284375 0.03984375 0.0265625
2 0.27265625 0.6140625 0.0421875 0.0390625
2 0.29140625 0.778125 0.04140625 0.03515625
2 0.25546875 0.5375 0.04765625 0.03828125
2 0.36171875 0.896875 0.0453125 0.03984375