1 0.58515625 0.3640625 0.0328125 0.05234375
1 0.54453125 0.33125 0.0421875 0.04296875
1 0.5703125 0.51171875 0.0390625 0.05234375
1 0.47578125 0.340625 0.0421875 0.08125
1 0.40390625 0.31875 0.01796875 0.02890625
1 0.34609375 0.4359375 0.0328125 0.04296875
1 0.37421875 0.55 0.0359375 0.06171875
1 0.45234375 0.5 0.04765625 0.04765625
1 0.52421875 0.71640625 0.0421875 0.06171875
1 0.59140625 0.58359375 0.0265625 0.05234375
1 0.33515625 0.6734375 0.0296875 0.05234375
1 0.55078125 0.20234375 0.04765625 0.07109375
1 0.73046875 0.259375 0.0296875 0.06171875
1 0.73046875 0.37890625 0.0421875 0.07109375
1 0.69921875 0.3453125 0.04453125 0.07109375
1 0.6796875 0.440625 0.071875 0.08125
1 0.66171875 0.36875 0.0296875 0.05234375
1 0.62421875 0.37109375 0.0390625 0.05703125
1 0.56015625 0.4046875 0.0359375 0.06640625
1 0.49140625 0.4046875 0.0421875 0.04765625
1 0.56875 0.27890625 0.0296875 0.06171875
1 0.48515625 0.17109375 0.0296875 0.04765625
1 0.4703125 0.21875 0.0421875 0.05703125
1 0.50625 0.240625 0.0421875 0.07109375
1 0.4359375 0.21875 0.04453125 0.0765625
1 0.37578125 0.17890625 0.04453125 0.06171875
1 0.4359375 0.33359375 0.04453125 0.0765625
1 0.3484375 0.3234375 0.05078125 0.05703125
1 0.3609375 0.3953125 0.0390625 0.04765625
1 0.465625 0.45 0.0625 0.06171875
1 0.365625 0.49765625 0.04765625 0.06171875
1 0.30078125 0.46640625 0.04453125 0.03828125
1 0.30859375 0.58125 0.05390625 0.0765625
1 0.4 0.709375 0.05078125 0.0859375
1 0.4578125 0.62890625 0.06015625 0.06640625
1 0.534375 0.5734375 0.0625 0.07109375
1 0.64375 0.68359375 0.0421875 0.06171875
1 0.66640625 0.73359375 0.0265625 0.04765625
1 0.6078125 0.77890625 0.04765625 0.06171875
1 0.609375 0.8359375 0.0390625 0.090625
1 0.7515625 0.48125 0.06015625 0.0765625
1 0.19921875 0.4140625 0.0328125 0.04765625
1 0.23515625 0.53125 0.0328125 0.03359375
1 0.26015625 0.33125 0.0296875 0.03359375
1 0.30390625 0.3 0.0265625 0.04765625
1 0.31171875 0.38359375 0.0296875 0.04296875
1 0.6828125 0.83359375 0.0296875 0.04765625
1 0.66015625 0.8765625 0.0328125 0.06640625
1 0.69609375 0.78359375 0.0328125 0.05234375
1 0.61640625 0.43828125 0.0296875 0.03828125
1 0.6046875 0.30703125 0.0421875 0.05234375
1 0.684375 0.2640625 0.0390625 0.05234375
1 0.72421875 0.16640625 0.0421875 0.05703125