3 0.565625 0.3234375 0.059375 0.0640625
3 0.66640625 0.04609375 0.03046875 0.0328125
3 0.6265625 0.34609375 0.02890625 0.05390625
3 0.71328125 0.34921875 0.03359375 0.03828125
3 0.42109375 0.4015625 0.05078125 0.03046875
3 0.44921875 0.4328125 0.04375 0.04296875
3 0.5046875 0.421875 0.0421875 0.0609375
3 0.3953125 0.4609375 0.04765625 0.0640625
3 0.4515625 0.46875 0.0375 0.04296875
3 0.45 0.54921875 0.03203125 0.0453125
3 0.4875 0.61640625 0.065625 0.08359375
3 0.4375 0.70546875 0.05703125 0.07421875
3 0.55 0.46328125 0.0453125 0.04375
3 0.54609375 0.53203125 0.06796875 0.06875
3 0.58359375 0.59609375 0.05078125 0.05859375
3 0.62734375 0.6453125 0.04375 0.05625
3 0.6671875 0.625 0.0359375 0.04609375
3 0.68359375 0.6828125 0.0625 0.07890625
3 0.30546875 0.96015625 0.04375 0.0484375
3 0.478125 0.88515625 0.0640625 0.07109375