2 0.3171875 0.1875 0.06171875 0.0484375
2 0.35390625 0.09375 0.03203125 0.02890625
2 0.83046875 0.6453125 0.0546875 0.0640625
2 0.80078125 0.67578125 0.0546875 0.0578125
2 0.76015625 0.71640625 0.04140625 0.0203125
2 0.72734375 0.7390625 0.06875 0.06015625
2 0.66640625 0.715625 0.046875 0.0625
2 0.62109375 0.65546875 0.04921875 0.0484375
2 0.61953125 0.70390625 0.03203125 0.0265625
2 0.57578125 0.8359375 0.05625 0.05078125
2 0.7984375 0.378125 0.03984375 0.03125
2 0.5328125 0.28515625 0.07421875 0.0578125
2 0.55 0.22734375 0.0640625 0.06171875
2 0.55625 0.171875 0.04140625 0.053125
2 0.64609375 0.3 0.04921875 0.046875
2 0.40703125 0.22890625 0.03984375 0.0421875
2 0.3109375 0.25546875 0.0546875 0.0640625
2 0.259375 0.22734375 0.04921875 0.0578125
2 0.37890625 0.565625 0.06328125 0.04453125
2 0.6375 0.3859375 0.0765625 0.06015625
2 0.3375 0.39453125 0.0609375 0.053125