2 0.72421875 0.0765625 0.04140625 0.05234375
2 0.60546875 0.47265625 0.0484375 0.025
2 0.70859375 0.528125 0.03125 0.0765625
2 0.5953125 0.6328125 0.02890625 0.03046875
2 0.6609375 0.625 0.04140625 0.0515625
2 0.6078125 0.67265625 0.0375 0.03984375
2 0.51640625 0.58828125 0.03359375 0.0390625
2 0.53125 0.63125 0.025 0.046875
2 0.56953125 0.56640625 0.046875 0.05234375
2 0.9078125 0.10625 0.04140625 0.0375
2 0.83984375 0.0515625 0.0390625 0.03984375
2 0.425 0.40625 0.04140625 0.03984375
2 0.4 0.45703125 0.05078125 0.06640625
2 0.43828125 0.46015625 0.04453125 0.059375
2 0.47421875 0.49296875 0.0484375 0.0578125
2 0.375 0.53515625 0.0375 0.0484375
2 0.21640625 0.5640625 0.0328125 0.04453125
2 0.2890625 0.58828125 0.03671875 0.05
2 0.28046875 0.61953125 0.053125 0.034375
2 0.29140625 0.653125 0.04140625 0.034375
2 0.32890625 0.59765625 0.02890625 0.034375
2 0.36328125 0.625 0.04296875 0.0515625
2 0.28046875 0.753125 0.0640625 0.046875
2 0.32578125 0.71953125 0.0484375 0.03984375
2 0.27265625 0.8875 0.0375 0.0515625
2 0.340625 0.91328125 0.0390625 0.0375
2 0.38203125 0.90703125 0.0375 0.04453125
2 0.546875 0.69296875 0.03515625 0.03984375
2 0.53203125 0.73828125 0.0390625 0.0609375
2 0.56328125 0.73125 0.0390625 0.03359375
2 0.6109375 0.7125 0.05703125 0.03984375
2 0.4765625 0.7765625 0.0375 0.0515625
2 0.525 0.79296875 0.0375 0.03984375
2 0.61328125 0.79609375 0.02734375 0.0375
2 0.73203125 0.77578125 0.03671875 0.046875
2 0.74921875 0.7359375 0.05234375 0.0515625