1 0.39921875 0.35703125 0.0734375 0.0515625
1 0.69765625 0.3 0.04765625 0.040625
1 0.67421875 0.3484375 0.05859375 0.0546875
1 0.54765625 0.4796875 0.0546875 0.0578125
1 0.2859375 0.41640625 0.065625 0.040625
1 0.08828125 0.41484375 0.0734375 0.0515625
1 0.8296875 0.7234375 0.0625 0.06171875
1 0.05703125 0.65546875 0.02578125 0.02734375
1 0.5 0.240625 0.0625 0.0578125
1 0.553125 0.296875 0.0515625 0.04765625
1 0.60625 0.24765625 0.040625 0.04453125
1 0.62421875 0.1859375 0.04765625 0.0375
1 0.65 0.2015625 0.0328125 0.04765625
1 0.73984375 0.3359375 0.0296875 0.04453125
1 0.7875 0.32734375 0.05859375 0.04765625
1 0.77265625 0.4046875 0.0734375 0.0515625
1 0.69375 0.425 0.04765625 0.03046875
1 0.671875 0.4609375 0.06953125 0.04765625
1 0.7328125 0.47265625 0.065625 0.0515625
1 0.7875 0.5390625 0.04375 0.04765625
1 0.70546875 0.54453125 0.040625 0.03046875
1 0.67421875 0.521875 0.0296875 0.02734375
1 0.6375 0.51015625 0.04375 0.02421875
1 0.59921875 0.5546875 0.04765625 0.0375
1 0.46171875 0.4828125 0.0296875 0.03046875
1 0.51796875 0.58359375 0.040625 0.034375
1 0.296875 0.27265625 0.03671875 0.034375
1 0.34609375 0.48125 0.040625 0.040625
1 0.38671875 0.49296875 0.040625 0.04453125
1 0.40859375 0.5578125 0.040625 0.03046875
1 0.4453125 0.6140625 0.040625 0.034375
1 0.446875 0.6484375 0.0296875 0.034375
1 0.59375 0.64140625 0.0515625 0.040625
1 0.5546875 0.68125 0.04765625 0.0375
1 0.5546875 0.71640625 0.0328125 0.04765625
1 0.584375 0.69765625 0.01796875 0.03046875
1 0.6578125 0.74609375 0.0328125 0.03046875
1 0.7140625 0.665625 0.0296875 0.02734375
1 0.7 0.740625 0.0296875 0.02734375
1 0.7546875 0.740625 0.04375 0.04765625
1 0.5109375 0.7078125 0.04765625 0.0578125
1 0.5328125 0.63671875 0.04765625 0.0375
1 0.47421875 0.7921875 0.04765625 0.040625
1 0.56953125 0.8296875 0.0546875 0.0546875
1 0.50546875 0.8859375 0.05859375 0.071875
1 0.37734375 0.88203125 0.05859375 0.0578125
1 0.253125 0.7921875 0.0515625 0.06796875
1 0.253125 0.5578125 0.04375 0.04453125
1 0.18125 0.43828125 0.0328125 0.0375
1 0.18125 0.5 0.04765625 0.04453125
1 0.07109375 0.60078125 0.04765625 0.034375
1 0.159375 0.71328125 0.04765625 0.04765625