2 0.33515625 0.31953125 0.0390625 0.06015625
2 0.38203125 0.39765625 0.01953125 0.0203125
2 0.79375 0.6953125 0.04921875 0.03984375
2 0.765625 0.73359375 0.03671875 0.021875
2 0.76875 0.64375 0.04921875 0.046875
2 0.63828125 0.67578125 0.03984375 0.03984375
2 0.57578125 0.746875 0.04140625 0.03125
2 0.63203125 0.7765625 0.0421875 0.0421875
2 0.5421875 0.3328125 0.0296875 0.02890625
2 0.55 0.684375 0.034375 0.03984375
2 0.60234375 0.7265625 0.0421875 0.021875
2 0.56484375 0.821875 0.04453125 0.04453125
2 0.509375 0.93515625 0.03203125 0.04453125
2 0.565625 0.946875 0.03671875 0.046875