1 0.6515625 0.4578125 0.0390625 0.05390625
1 0.6375 0.37265625 0.0171875 0.06953125
1 0.55390625 0.26953125 0.03515625 0.059375
1 0.6 0.2578125 0.02890625 0.06171875
1 0.62734375 0.21171875 0.02578125 0.0515625
1 0.559375 0.1921875 0.02578125 0.075
1 0.52109375 0.15859375 0.03046875 0.05390625
1 0.528125 0.21015625 0.02734375 0.059375
1 0.56015625 0.071875 0.03359375 0.06171875
1 0.52578125 0.08515625 0.03203125 0.0671875
1 0.4921875 0.0796875 0.02734375 0.03125
1 0.47890625 0.1390625 0.01328125 0.0671875
1 0.5296875 0.46796875 0.02734375 0.06953125
1 0.534375 0.56328125 0.0359375 0.06953125
1 0.56875 0.60703125 0.03046875 0.06953125
1 0.5703125 0.65859375 0.03046875 0.059375
1 0.51484375 0.640625 0.0234375 0.04375
1 0.534375 0.684375 0.01875 0.0640625
1 0.50078125 0.58671875 0.03046875 0.05390625
1 0.4890625 0.54765625 0.03359375 0.08984375
1 0.503125 0.4921875 0.02578125 0.071875
1 0.48671875 0.46484375 0.02578125 0.06953125
1 0.46328125 0.5 0.03046875 0.0671875
1 0.45546875 0.43828125 0.02734375 0.05703125
1 0.46484375 0.321875 0.0546875 0.06171875
1 0.43828125 0.484375 0.03359375 0.04609375
1 0.4296875 0.575 0.01015625 0.07734375
1 0.4546875 0.5453125 0.03203125 0.05390625
1 0.46640625 0.6375 0.04375 0.059375
1 0.5703125 0.353125 0.0359375 0.05703125
1 0.58828125 0.51171875 0.02890625 0.0640625
1 0.65078125 0.51953125 0.0375 0.0640625
1 0.43125 0.34765625 0.01328125 0.0515625
1 0.690625 0.3890625 0.03359375 0.06171875
1 0.68515625 0.32578125 0.03359375 0.059375
1 0.52890625 0.325 0.02890625 0.04140625
1 0.509375 0.29140625 0.025 0.04140625
1 0.52734375 0.27421875 0.0234375 0.03828125
1 0.48828125 0.38125 0.02890625 0.04140625
1 0.61875 0.553125 0.02578125 0.059375
1 0.640625 0.57734375 0.02578125 0.04609375
1 0.6 0.63515625 0.02890625 0.04921875
1 0.58984375 0.7796875 0.02890625 0.03828125
1 0.62734375 0.78359375 0.02578125 0.0359375
1 0.625 0.6671875 0.04609375 0.04609375
1 0.5625 0.51640625 0.02578125 0.04921875
1 0.61796875 0.82890625 0.02734375 0.04921875
1 0.6171875 0.15234375 0.03515625 0.06171875
1 0.58671875 0.17265625 0.02578125 0.0671875
1 0.41484375 0.3828125 0.03046875 0.04375
1 0.52734375 0.79375 0.03203125 0.0671875
1 0.5625 0.7734375 0.03203125 0.07734375
1 0.5390625 0.75390625 0.02890625 0.05390625
1 0.57109375 0.4109375 0.03203125 0.05390625
1 0.59453125 0.103125 0.03203125 0.04609375
1 0.68828125 0.52578125 0.02890625 0.06171875