2 0.20625 0.6234375 0.03671875 0.02421875
2 0.18984375 0.64453125 0.04453125 0.01328125
2 0.21484375 0.67265625 0.03984375 0.046875
2 0.28984375 0.66328125 0.03203125 0.0421875
2 0.340625 0.65703125 0.0546875 0.0375
2 0.43515625 0.63359375 0.05625 0.04453125
2 0.42734375 0.67109375 0.04140625 0.03125
2 0.4328125 0.70234375 0.04140625 0.0359375
2 0.396875 0.740625 0.03984375 0.03359375
2 0.36875 0.6984375 0.046875 0.02890625
2 0.31171875 0.70390625 0.06171875 0.03984375
2 0.315625 0.7375 0.03984375 0.0265625
2 0.35390625 0.76640625 0.0421875 0.03125
2 0.375 0.92734375 0.04921875 0.0421875
2 0.44609375 0.9046875 0.04453125 0.03359375
2 0.4453125 0.8515625 0.04140625 0.04609375
2 0.53984375 0.92734375 0.059375 0.0515625
2 0.5328125 0.71796875 0.04921875 0.04453125
2 0.32578125 0.90703125 0.0421875 0.03125
2 0.51796875 0.84453125 0.03203125 0.02890625
2 0.12421875 0.42109375 0.03359375 0.025