3 0.34453125 0.30859375 0.046875 0.0421875
3 0.4109375 0.68984375 0.04140625 0.046875
3 0.45078125 0.66015625 0.04453125 0.03984375
3 0.4921875 0.7 0.046875 0.03515625
3 0.46328125 0.7390625 0.03984375 0.0375
3 0.5234375 0.77890625 0.04140625 0.0421875
3 0.5265625 0.65703125 0.03203125 0.02421875
3 0.58671875 0.67421875 0.034375 0.03359375
3 0.61875 0.6984375 0.03984375 0.0375
3 0.653125 0.703125 0.02890625 0.03828125
3 0.70625 0.6453125 0.0515625 0.03359375
3 0.6921875 0.609375 0.034375 0.021875
3 0.65078125 0.5921875 0.01484375 0.02421875
3 0.66015625 0.659375 0.034375 0.03359375