3 0.23359375 0.40625 0.04140625 0.0375
3 0.28125 0.3671875 0.0546875 0.0359375
3 0.3046875 0.3984375 0.04140625 0.03515625
3 0.52265625 0.23984375 0.0546875 0.05546875
3 0.58671875 0.2640625 0.06875 0.046875
3 0.54140625 0.1578125 0.07109375 0.0421875
3 0.24765625 0.634375 0.0515625 0.02421875
3 0.225 0.6765625 0.04453125 0.0640625
3 0.2625 0.671875 0.02734375 0.0375
3 0.28984375 0.6546875 0.03671875 0.0328125
3 0.28984375 0.7140625 0.0515625 0.03359375
3 0.309375 0.75625 0.03671875 0.0515625
3 0.34296875 0.68984375 0.0390625 0.03359375
3 0.44375 0.67265625 0.04453125 0.046875
3 0.4609375 0.7265625 0.0296875 0.03515625