1 0.7109375 0.50859375 0.09140625 0.07578125
1 0.76875 0.4765625 0.0828125 0.05078125
1 0.57265625 0.5734375 0.0375 0.053125
1 0.48359375 0.54765625 0.05625 0.0328125
1 0.5921875 0.5078125 0.059375 0.05078125
1 0.5484375 0.45 0.09140625 0.07421875
1 0.4203125 0.35234375 0.13046875 0.08984375
1 0.41953125 0.42890625 0.0765625 0.04921875
1 0.40625 0.490625 0.08515625 0.053125
1 0.34453125 0.46015625 0.0625 0.04453125
1 0.34375 0.53828125 0.05234375 0.05078125
1 0.41484375 0.54609375 0.07421875 0.053125
1 0.4328125 0.58984375 0.0828125 0.0421875
1 0.4484375 0.6203125 0.0625 0.053125
1 0.50546875 0.59765625 0.0578125 0.04453125
1 0.60078125 0.55234375 0.04765625 0.03671875
1 0.65390625 0.5796875 0.0578125 0.0578125
1 0.6421875 0.65859375 0.1015625 0.07421875
1 0.50703125 0.63984375 0.04375 0.0359375
1 0.45703125 0.69921875 0.0796875 0.06171875
1 0.48359375 0.734375 0.0625 0.05546875
1 0.525 0.7953125 0.096875 0.06640625
1 0.37734375 0.765625 0.0796875 0.0578125
1 0.38203125 0.72265625 0.08828125 0.06484375
1 0.4484375 0.8171875 0.08515625 0.06171875
1 0.5453125 0.71953125 0.09140625 0.0671875
1 0.61796875 0.78984375 0.0765625 0.05546875
1 0.59609375 0.9078125 0.06796875 0.06640625
1 0.67265625 0.8890625 0.13359375 0.07421875
1 0.6671875 0.95234375 0.096875 0.0703125
1 0.8453125 0.7515625 0.06484375 0.05546875
1 0.578125 0.20625 0.0375 0.028125
1 0.9359375 0.08046875 0.04609375 0.02421875
1 0.89921875 0.05078125 0.05078125 0.0390625
1 0.8453125 0.04140625 0.0421875 0.03515625
1 0.84765625 0.0796875 0.05234375 0.03515625
1 0.79453125 0.10078125 0.06640625 0.02578125
1 0.74609375 0.10078125 0.04609375 0.0296875
1 0.76875 0.04375 0.05078125 0.028125
1 0.753125 0.06640625 0.05390625 0.02578125
1 0.7078125 0.0703125 0.0390625 0.02734375
1 0.69609375 0.09921875 0.05078125 0.025
1 0.646875 0.18671875 0.0390625 0.025
1 0.35234375 0.38984375 0.04921875 0.028125
1 0.48046875 0.46640625 0.0390625 0.0328125
1 0.38515625 0.58984375 0.04765625 0.0296875
1 0.46640625 0.9328125 0.04375 0.04140625
1 0.59375 0.96484375 0.0390625 0.03515625
1 0.709375 0.80703125 0.059375 0.03359375
1 0.7421875 0.725 0.040625 0.02578125
1 0.66953125 0.72265625 0.0546875 0.03828125
1 0.609375 0.7359375 0.04765625 0.03046875
1 0.7984375 0.865625 0.040625 0.03125
1 0.74921875 0.90546875 0.04609375 0.03046875
1 0.4578125 0.2984375 0.04921875 0.0359375
1 0.5109375 0.259375 0.04765625 0.03828125
1 0.559375 0.16796875 0.04609375 0.0296875
1 0.81796875 0.15703125 0.05078125 0.0296875
1 0.959375 0.696875 0.0375 0.03671875
1 0.7609375 0.5765625 0.0578125 0.0359375
1 0.7125 0.58984375 0.0390625 0.0328125
1 0.48359375 0.51875 0.04765625 0.03828125
1 0.52109375 0.50078125 0.0359375 0.03046875
1 0.57421875 0.659375 0.0578125 0.03984375