3 0.4671875 0.20546875 0.04140625 0.053125
3 0.73046875 0.12890625 0.06171875 0.05078125
3 0.73515625 0.3375 0.04140625 0.0640625
3 0.7984375 0.2875 0.07421875 0.0578125
3 0.73515625 0.58515625 0.046875 0.0265625
3 0.7625 0.60703125 0.0421875 0.0265625
3 0.71328125 0.6546875 0.046875 0.04609375
3 0.76484375 0.68203125 0.05625 0.053125
3 0.70859375 0.73671875 0.0515625 0.0421875
3 0.6421875 0.7546875 0.046875 0.0421875
3 0.81953125 0.7 0.04140625 0.0265625
3 0.73828125 0.78515625 0.04140625 0.0375
3 0.94375 0.78671875 0.04921875 0.03515625