1 0.32109375 0.08515625 0.06796875 0.06640625
1 0.3265625 0.040625 0.06796875 0.0578125
1 0.26484375 0.0671875 0.0375 0.02578125
1 0.2453125 0.03203125 0.059375 0.04921875
1 0.42734375 0.05234375 0.06640625 0.0390625
1 0.3890625 0.11328125 0.0625 0.04140625
1 0.4453125 0.21875 0.0625 0.05546875
1 0.34375 0.3359375 0.040625 0.04765625
1 0.3875 0.34375 0.05390625 0.0421875
1 0.33125 0.42734375 0.04765625 0.0421875
1 0.38359375 0.4125 0.06796875 0.0421875
1 0.1453125 0.35703125 0.1 0.0421875
1 0.06875 0.41015625 0.059375 0.0421875
1 0.171875 0.44921875 0.08828125 0.03046875
1 0.15703125 0.484375 0.059375 0.04453125
1 0.1203125 0.47890625 0.04921875 0.0421875
1 0.23515625 0.47265625 0.06796875 0.046875
1 0.33984375 0.47734375 0.0765625 0.03984375
1 0.33203125 0.52734375 0.02890625 0.03828125
1 0.36875 0.56328125 0.0625 0.028125
1 0.4046875 0.58671875 0.04765625 0.0359375
1 0.29921875 0.565625 0.06484375 0.06875
1 0.3296875 0.66328125 0.06796875 0.0453125
1 0.42578125 0.64765625 0.08984375 0.046875
1 0.29921875 0.28984375 0.04765625 0.04921875
1 0.23515625 0.33984375 0.096875 0.06015625
1 0.27421875 0.37890625 0.08671875 0.06875
1 0.17890625 0.5984375 0.0421875 0.03984375
1 0.1890625 0.559375 0.0453125 0.03828125
1 0.23984375 0.55625 0.0421875 0.0390625
1 0.15 0.40546875 0.0453125 0.02578125
1 0.025 0.465625 0.0421875 0.03125
1 0.44140625 0.2625 0.05390625 0.03828125
1 0.1640625 0.66484375 0.0546875 0.02578125
1 0.25 0.6171875 0.0359375 0.0328125
1 0.06875 0.72421875 0.0421875 0.028125
1 0.0328125 0.778125 0.05078125 0.03515625
1 0.24609375 0.81953125 0.0375 0.0328125
1 0.29921875 0.7140625 0.06484375 0.04765625
1 0.19921875 0.684375 0.0453125 0.03359375
1 0.11953125 0.76015625 0.0421875 0.0359375
1 0.1546875 0.7703125 0.0453125 0.0359375
1 0.30625 0.7796875 0.05078125 0.02578125
1 0.31953125 0.74375 0.05078125 0.0421875
1 0.37890625 0.72421875 0.0359375 0.02578125
1 0.49375 0.67421875 0.04765625 0.03984375
1 0.12265625 0.5234375 0.04765625 0.02734375
1 0.25078125 0.4453125 0.05234375 0.03984375
1 0.4515625 0.453125 0.0390625 0.03046875
1 0.46796875 0.53203125 0.04609375 0.0359375
1 0.01484375 0.7171875 0.02890625 0.02734375
1 0.30078125 0.81796875 0.05078125 0.02734375
1 0.234375 0.7640625 0.05390625 0.0390625
1 0.41171875 0.70234375 0.04375 0.0359375
1 0.43984375 0.678125 0.0421875 0.02421875
1 0.4953125 0.628125 0.0375 0.0328125
1 0.44921875 0.484375 0.0375 0.02734375
1 0.37421875 0.45546875 0.04921875 0.03515625
1 0.48984375 0.37421875 0.04375 0.03515625
1 0.15703125 0.8703125 0.07109375 0.03828125
1 0.17265625 0.8390625 0.040625 0.03046875
1 0.14453125 0.8015625 0.04765625 0.0296875
1 0.2359375 0.8546875 0.04375 0.0328125
1 0.11796875 0.5625 0.05390625 0.03984375
1 0.20625 0.62890625 0.05078125 0.0359375