1 0.665625 0.4734375 0.040625 0.02109375
1 0.19453125 0.8703125 0.084375 0.03515625
1 0.475 0.9296875 0.05078125 0.0421875
1 0.4828125 0.88046875 0.04765625 0.0328125
1 0.55546875 0.88515625 0.0375 0.0328125
1 0.59765625 0.87421875 0.04765625 0.028125
1 0.51875 0.84453125 0.03046875 0.02578125
1 0.57109375 0.8109375 0.04765625 0.0234375
1 0.49296875 0.80703125 0.040625 0.04453125
1 0.45078125 0.76015625 0.04375 0.03046875
1 0.51484375 0.75 0.04375 0.05625
1 0.4546875 0.7265625 0.0375 0.01875
1 0.5671875 0.71875 0.05390625 0.03984375
1 0.5875 0.75546875 0.05390625 0.03984375
1 0.57265625 0.66015625 0.07109375 0.03984375
1 0.5046875 0.63515625 0.0578125 0.0375
1 0.4390625 0.62421875 0.08125 0.0328125
1 0.44921875 0.58984375 0.040625 0.01640625
1 0.50859375 0.5453125 0.0578125 0.03046875
1 0.38671875 0.57734375 0.04375 0.0375
1 0.64375 0.6515625 0.05078125 0.0515625
1 0.68046875 0.58515625 0.0640625 0.02578125
1 0.7546875 0.59453125 0.04375 0.03046875
1 0.70078125 0.61953125 0.0578125 0.0375
1 0.71796875 0.6484375 0.07109375 0.02578125
1 0.69765625 0.6859375 0.0640625 0.03984375
1 0.65 0.72578125 0.09140625 0.05859375
1 0.60625 0.58515625 0.0640625 0.02578125
1 0.6234375 0.5078125 0.05078125 0.04453125
1 0.6921875 0.51015625 0.04765625 0.03515625
1 0.7078125 0.5421875 0.0578125 0.0421875
1 0.73984375 0.47421875 0.0609375 0.0375
1 0.76015625 0.4484375 0.08125 0.0375
1 0.73671875 0.425 0.08125 0.0421875
1 0.67734375 0.4203125 0.07734375 0.0515625
1 0.6640625 0.37265625 0.084375 0.04453125
1 0.684375 0.32109375 0.07734375 0.03046875
1 0.69765625 0.2875 0.07734375 0.0234375
1 0.7296875 0.3609375 0.07421875 0.05859375
1 0.5578125 0.32734375 0.08125 0.01875
1 0.51171875 0.2234375 0.11171875 0.06328125
1 0.53359375 0.28984375 0.07421875 0.0421875
1 0.33984375 0.2625 0.084375 0.04453125
1 0.3328125 0.21484375 0.084375 0.05625
1 0.39375 0.17421875 0.07734375 0.03984375
1 0.51875 0.16953125 0.07734375 0.04453125
1 0.25703125 0.4015625 0.08125 0.0421875
1 0.24140625 0.3578125 0.07109375 0.0421875
1 0.3921875 0.7171875 0.05390625 0.0328125
1 0.2453125 0.70703125 0.05078125 0.03046875
1 0.30390625 0.85390625 0.040625 0.02578125
1 0.28359375 0.96015625 0.04765625 0.0328125
1 0.4203125 0.8875 0.04375 0.0421875
1 0.38828125 0.9484375 0.04765625 0.028125
1 0.65234375 0.875 0.0609375 0.03984375
1 0.73984375 0.78984375 0.04765625 0.0328125
1 0.71953125 0.828125 0.040625 0.03515625
1 0.8375 0.6984375 0.040625 0.0328125
1 0.19921875 0.2140625 0.05390625 0.03046875
1 0.415625 0.68359375 0.04765625 0.03984375
1 0.48125 0.703125 0.0578125 0.028125
1 0.54765625 0.5890625 0.040625 0.028125
1 0.57109375 0.6203125 0.05390625 0.03046875
1 0.775 0.63203125 0.04375 0.03984375