3 0.159375 0.384375 0.05625 0.03359375
3 0.178125 0.34609375 0.04921875 0.02890625
3 0.43515625 0.2390625 0.03671875 0.0265625
3 0.2578125 0.8234375 0.02734375 0.02890625
3 0.28984375 0.88984375 0.04140625 0.0375
3 0.3171875 0.81171875 0.03671875 0.046875
3 0.03359375 0.57109375 0.03671875 0.03125
3 0.07109375 0.5359375 0.06640625 0.04453125
3 0.065625 0.46484375 0.04140625 0.03515625
3 0.125 0.7 0.046875 0.03125
3 0.14921875 0.7421875 0.03203125 0.02265625
3 0.18671875 0.7578125 0.0421875 0.03125
3 0.18359375 0.8078125 0.06640625 0.015625