2 0.3671875 0.3484375 0.0046875 0.015625
2 0.35234375 0.32109375 0.025 0.04453125
2 0.403125 0.3234375 0.04140625 0.04453125
2 0.39921875 0.36171875 0.07890625 0.015625
2 0.31328125 0.2609375 0.034375 0.04453125
2 0.4203125 0.29609375 0.05625 0.03984375
2 0.3625 0.23515625 0.0546875 0.0375
2 0.11875 0.5359375 0.04453125 0.0578125
2 0.1875 0.54609375 0.0640625 0.05546875
2 0.1015625 0.6390625 0.0296875 0.02890625
2 0.12578125 0.6625 0.034375 0.0265625
2 0.1078125 0.75625 0.04140625 0.0515625
2 0.1421875 0.73125 0.021875 0.06640625
2 0.1640625 0.67578125 0.03203125 0.053125
2 0.19296875 0.69140625 0.0296875 0.04453125
2 0.21640625 0.71015625 0.03671875 0.015625
2 0.275 0.6796875 0.03203125 0.03515625
2 0.3046875 0.6390625 0.03203125 0.05546875
2 0.234375 0.62890625 0.0390625 0.04453125
2 0.26015625 0.74765625 0.05625 0.046875
2 0.23359375 0.77734375 0.06171875 0.03984375
2 0.275 0.83203125 0.06171875 0.04609375
2 0.30859375 0.87578125 0.04921875 0.0375
2 0.35625 0.8828125 0.06640625 0.0421875
2 0.1984375 0.8875 0.046875 0.0421875
2 0.26015625 0.8765625 0.03671875 0.0203125
2 0.36640625 0.77734375 0.0765625 0.053125
2 0.2359375 0.91953125 0.03671875 0.03125
2 0.253125 0.940625 0.046875 0.02890625
2 0.3 0.959375 0.06171875 0.03984375