2 0.5609375 0.53125 0.02734375 0.05078125
2 0.5703125 0.5828125 0.02890625 0.03828125
2 0.5875 0.62890625 0.03203125 0.04296875
2 0.5 0.62421875 0.02734375 0.0484375
2 0.50703125 0.6484375 0.0234375 0.0203125
2 0.4453125 0.625 0.021875 0.03515625
2 0.4609375 0.64921875 0.015625 0.02265625
2 0.475 0.68359375 0.0375 0.03046875
2 0.48203125 0.71796875 0.0234375 0.03828125
2 0.46015625 0.721875 0.01171875 0.03046875
2 0.44765625 0.76015625 0.0203125 0.0203125
2 0.4703125 0.7796875 0.021875 0.0328125
2 0.49921875 0.7421875 0.0359375 0.03515625
2 0.56328125 0.75 0.02734375 0.03515625
2 0.6359375 0.73203125 0.0203125 0.04609375
2 0.59765625 0.7625 0.01171875 0.02578125
2 0.60625 0.80234375 0.03515625 0.0328125
2 0.5671875 0.82109375 0.03515625 0.04609375
2 0.58125 0.8453125 0.0171875 0.0484375
2 0.61640625 0.85703125 0.025 0.05078125
2 0.61875 0.89921875 0.0234375 0.0484375
2 0.7546875 0.840625 0.02578125 0.06875
2 0.525 0.803125 0.02890625 0.0359375
2 0.52578125 0.83046875 0.0171875 0.028125
2 0.5421875 0.85703125 0.02578125 0.03515625