2 0.421875 0.71640625 0.04921875 0.03828125
2 0.6375 0.88984375 0.05625 0.0421875
2 0.74296875 0.8359375 0.0765625 0.090625
2 0.671875 0.67890625 0.046875 0.03359375
2 0.64609375 0.71796875 0.05859375 0.053125
2 0.7703125 0.70390625 0.0515625 0.053125
2 0.80234375 0.703125 0.05625 0.0421875
2 0.8203125 0.6515625 0.0546875 0.053125
2 0.8671875 0.63203125 0.05390625 0.0421875
2 0.81953125 0.4671875 0.03671875 0.03984375
2 0.82578125 0.36484375 0.059375 0.06171875
2 0.82578125 0.2984375 0.07421875 0.0484375
2 0.58046875 0.2203125 0.071875 0.06015625
2 0.51015625 0.21796875 0.04921875 0.05546875
2 0.525 0.17578125 0.0640625 0.05078125
2 0.41171875 0.16875 0.0734375 0.0734375
2 0.33515625 0.39375 0.05390625 0.053125
2 0.4953125 0.82578125 0.0453125 0.0328125
2 0.3140625 0.1515625 0.046875 0.03125
2 0.41484375 0.284375 0.0421875 0.0390625
2 0.43203125 0.23203125 0.05234375 0.0328125