1 0.86953125 0.33359375 0.05078125 0.0578125
1 0.65234375 0.4953125 0.03671875 0.0609375
1 0.6375 0.559375 0.065625 0.0609375
1 0.6703125 0.60234375 0.0453125 0.03828125
1 0.55859375 0.371875 0.03671875 0.0640625
1 0.5609375 0.3171875 0.0484375 0.0703125
1 0.51171875 0.31875 0.0453125 0.0671875
1 0.36953125 0.10234375 0.05078125 0.0515625
1 0.2203125 0.7484375 0.03671875 0.04140625
1 0.26015625 0.83359375 0.059375 0.0640625
1 0.3109375 0.95703125 0.0484375 0.04140625
1 0.37890625 0.9484375 0.0484375 0.0515625
1 0.45625 0.96171875 0.05390625 0.0578125
1 0.56796875 0.878125 0.05703125 0.0765625
1 0.596875 0.83046875 0.05078125 0.0703125
1 0.7203125 0.84140625 0.0484375 0.0546875
1 0.5296875 0.65234375 0.04296875 0.0609375
1 0.75546875 0.5 0.06796875 0.10234375
1 0.671875 0.40546875 0.08828125 0.09296875
1 0.78828125 0.36875 0.0765625 0.0515625
1 0.78828125 0.4328125 0.09375 0.0515625
1 0.87890625 0.28828125 0.0484375 0.0515625
1 0.940625 0.3875 0.05078125 0.0640625
1 0.92578125 0.53359375 0.07421875 0.03515625
1 0.89765625 0.575 0.0453125 0.0484375
1 0.80703125 0.621875 0.03984375 0.0578125
1 0.84375 0.60078125 0.03984375 0.0546875
1 0.65078125 0.66015625 0.0453125 0.04453125
1 0.6703125 0.77890625 0.03984375 0.0703125
1 0.72265625 0.77421875 0.065625 0.0734375
1 0.6125 0.91796875 0.04296875 0.04140625
1 0.5 0.90390625 0.05078125 0.04453125
1 0.44453125 0.8171875 0.05390625 0.0703125
1 0.465625 0.71953125 0.05703125 0.0546875
1 0.578125 0.2578125 0.03125 0.04140625
1 0.5015625 0.1859375 0.04296875 0.04453125
1 0.46875 0.2 0.03984375 0.0484375
1 0.0453125 0.240625 0.05703125 0.04453125
1 0.0640625 0.1328125 0.059375 0.04140625
1 0.57421875 0.5125 0.05078125 0.04453125
1 0.340625 0.7453125 0.028125 0.03515625
1 0.35078125 0.77734375 0.03125 0.03515625
1 0.94765625 0.58359375 0.04296875 0.0578125
1 0.81796875 0.51796875 0.0453125 0.0484375
1 0.721875 0.59921875 0.0453125 0.04453125
1 0.746875 0.628125 0.0453125 0.04453125
1 0.7328125 0.6859375 0.05078125 0.0578125
1 0.7625 0.8 0.03671875 0.0484375
1 0.9828125 0.4375 0.028125 0.04140625
1 0.9828125 0.47890625 0.028125 0.03515625
1 0.984375 0.53359375 0.02578125 0.0546875
1 0.546875 0.56875 0.03671875 0.04140625
1 0.5765625 0.60703125 0.05078125 0.0546875
1 0.56953125 0.76796875 0.04296875 0.03515625
1 0.49609375 0.78984375 0.04296875 0.0546875
1 0.515625 0.39765625 0.04296875 0.0578125
1 0.85390625 0.39921875 0.059375 0.04140625
1 0.86484375 0.6734375 0.065625 0.0515625
1 0.94609375 0.34453125 0.034375 0.0609375
1 0.690625 0.496875 0.0453125 0.0578125
1 0.57265625 0.45546875 0.05390625 0.0515625
1 0.60390625 0.39453125 0.0484375 0.0640625
1 0.625 0.3171875 0.05703125 0.0578125