3 0.24296875 0.44296875 0.03671875 0.03125
3 0.1484375 0.50703125 0.034375 0.0625
3 0.1875 0.5125 0.04453125 0.03359375
3 0.26796875 0.64140625 0.046875 0.02421875
3 0.20625 0.6890625 0.03203125 0.0625
3 0.315625 0.67421875 0.0640625 0.0421875
3 0.29453125 0.7046875 0.046875 0.02265625
3 0.296875 0.72890625 0.03203125 0.02265625
3 0.35625 0.73203125 0.0515625 0.0203125
3 0.346875 0.76328125 0.021875 0.03359375
3 0.3984375 0.7609375 0.05703125 0.0375
3 0.48359375 0.67265625 0.04453125 0.046875
3 0.43359375 0.65546875 0.04921875 0.03984375