2 0.69453125 0.28125 0.03359375 0.05078125
2 0.6015625 0.2328125 0.0609375 0.03046875
2 0.5765625 0.29453125 0.0375 0.07109375
2 0.5296875 0.32734375 0.03203125 0.06640625
2 0.4859375 0.33984375 0.05546875 0.06640625
2 0.5609375 0.35 0.0375 0.05625
2 0.54921875 0.43046875 0.05078125 0.0484375
2 0.50546875 0.44921875 0.03046875 0.05625
2 0.48515625 0.46328125 0.03046875 0.04375
2 0.4546875 0.3921875 0.0375 0.05390625
2 0.428125 0.44609375 0.0359375 0.06875
2 0.4328125 0.5078125 0.03359375 0.0359375
2 0.45234375 0.5390625 0.0359375 0.05625
2 0.4875 0.5515625 0.0359375 0.06640625
2 0.5140625 0.5234375 0.05390625 0.0765625
2 0.55078125 0.47734375 0.03359375 0.05625
2 0.55546875 0.53359375 0.0359375 0.040625
2 0.5921875 0.47734375 0.0359375 0.07109375
2 0.63125 0.42890625 0.0359375 0.06640625
2 0.671875 0.425 0.05234375 0.0484375
2 0.578125 0.6484375 0.05078125 0.06640625
2 0.5078125 0.5921875 0.0625 0.05625
2 0.55703125 0.74375 0.0390625 0.06875
2 0.5984375 0.69921875 0.0203125 0.03515625
2 0.60859375 0.784375 0.0234375 0.0484375
2 0.7609375 0.66640625 0.034375 0.03515625
2 0.8140625 0.68359375 0.02578125 0.03515625
2 0.71796875 0.78359375 0.01171875 0.02578125
2 0.72734375 0.82734375 0.0375 0.07421875
2 0.6921875 0.83515625 0.021875 0.0484375
2 0.70859375 0.7484375 0.040625 0.04375
2 0.765625 0.73203125 0.05078125 0.0765625