1 0.71328125 0.0828125 0.040625 0.053125
1 0.6359375 0.06484375 0.02890625 0.05078125
1 0.55 0.1328125 0.0765625 0.03359375
1 0.55390625 0.1734375 0.02890625 0.046875
1 0.65390625 0.18515625 0.0953125 0.0359375
1 0.54453125 0.3671875 0.0359375 0.06640625
1 0.2265625 0.30234375 0.05625 0.06171875
1 0.271875 0.17734375 0.0828125 0.05078125
1 0.3046875 0.09765625 0.059375 0.06015625
1 0.36328125 0.15703125 0.0625 0.05078125
1 0.20078125 0.40234375 0.0765625 0.0578125
1 0.0609375 0.41484375 0.04375 0.0421875
1 0.2046875 0.459375 0.0578125 0.03359375
1 0.0921875 0.49375 0.0765625 0.05546875
1 0.39765625 0.4671875 0.0625 0.04921875
1 0.3078125 0.63203125 0.06484375 0.05078125
1 0.40078125 0.65234375 0.06796875 0.0359375
1 0.52421875 0.53828125 0.04765625 0.025
1 0.4203125 0.59921875 0.0578125 0.04453125
1 0.50703125 0.58515625 0.04921875 0.046875
1 0.56171875 0.61015625 0.07109375 0.07421875
1 0.76328125 0.5765625 0.04765625 0.05546875
1 0.58046875 0.4875 0.06484375 0.046875
1 0.5921875 0.52265625 0.0828125 0.053125
1 0.60078125 0.56015625 0.07109375 0.053125
1 0.67890625 0.5453125 0.05625 0.0421875
1 0.69921875 0.3546875 0.05625 0.03359375
1 0.7453125 0.4171875 0.059375 0.05546875
1 0.8515625 0.359375 0.0828125 0.0640625
1 0.8515625 0.23671875 0.0765625 0.06171875
1 0.503125 0.2859375 0.0578125 0.03671875
1 0.1453125 0.26328125 0.0171875 0.00859375
1 0.1234375 0.2375 0.04921875 0.05078125
1 0.0875 0.2875 0.06796875 0.0578125
1 0.1453125 0.33125 0.059375 0.04765625
1 0.30859375 0.30078125 0.04921875 0.0359375
1 0.34140625 0.3203125 0.0390625 0.0421875
1 0.3484375 0.2734375 0.04765625 0.04453125
1 0.41640625 0.20546875 0.05390625 0.03515625
1 0.38984375 0.36171875 0.04921875 0.03515625
1 0.30703125 0.44375 0.03515625 0.02578125
1 0.27265625 0.471875 0.0375 0.0328125
1 0.1640625 0.4390625 0.0375 0.03515625
1 0.1484375 0.3953125 0.059375 0.03828125
1 0.090625 0.37421875 0.04765625 0.046875
1 0.6578125 0.41328125 0.0546875 0.0453125
1 0.73203125 0.48125 0.0375 0.0296875
1 0.7484375 0.51875 0.0421875 0.03046875
1 0.828125 0.49921875 0.03359375 0.02734375
1 0.89296875 0.41875 0.03515625 0.02578125
1 0.89609375 0.43828125 0.0390625 0.02421875
1 0.31796875 0.52578125 0.04765625 0.03125
1 0.23828125 0.54375 0.0359375 0.02421875
1 0.3453125 0.58984375 0.03203125 0.03359375
1 0.4234375 0.55234375 0.08125 0.03984375
1 0.2546875 0.60625 0.02734375 0.03515625
1 0.0140625 0.46328125 0.02734375 0.03671875
1 0.2265625 0.36328125 0.04765625 0.04453125
1 0.17265625 0.56953125 0.06953125 0.05234375
1 0.1640625 0.47890625 0.05234375 0.03359375
1 0.22109375 0.60390625 0.0421875 0.03125
1 0.25390625 0.5828125 0.04375 0.025
1 0.34609375 0.54765625 0.0578125 0.02734375
1 0.69375 0.03984375 0.0421875 0.0453125
1 0.75859375 0.14609375 0.059375 0.046875