1 0.71875 0.18359375 0.0265625 0.04609375
1 0.74140625 0.24140625 0.0421875 0.04609375
1 0.4234375 0.11796875 0.0421875 0.06328125
1 0.48046875 0.1609375 0.0421875 0.0578125
1 0.51953125 0.253125 0.0421875 0.0578125
1 0.55390625 0.29296875 0.0421875 0.06875
1 0.43515625 0.3765625 0.034375 0.075
1 0.59609375 0.425 0.05 0.04609375
1 0.53828125 0.4796875 0.034375 0.06328125
1 0.74296875 0.63828125 0.03828125 0.06875
1 0.7359375 0.53984375 0.03046875 0.06875
1 0.7875 0.4484375 0.0421875 0.06875
1 0.7203125 0.75859375 0.03828125 0.0578125
1 0.396875 0.61484375 0.034375 0.06875
1 0.4 0.68359375 0.0265625 0.06875
1 0.33359375 0.7296875 0.0765625 0.0578125
1 0.1515625 0.6265625 0.034375 0.06875
1 0.1359375 0.6921875 0.0421875 0.0515625
1 0.13828125 0.76171875 0.04609375 0.0515625
1 0.13046875 0.82734375 0.03828125 0.06875
1 0.178125 0.83359375 0.05 0.08046875
1 0.40390625 0.20078125 0.05 0.06875
1 0.40234375 0.25859375 0.03828125 0.04609375
1 0.38515625 0.31015625 0.0578125 0.06875
1 0.29296875 0.18671875 0.0421875 0.0859375
1 0.34296875 0.13203125 0.034375 0.06875
1 0.3828125 0.071875 0.04609375 0.075
1 0.3203125 0.31015625 0.06484375 0.08046875
1 0.23984375 0.29609375 0.05 0.0859375
1 0.27421875 0.3796875 0.05 0.0578125
1 0.2890625 0.47109375 0.06484375 0.103125
1 0.29921875 0.5515625 0.04609375 0.08046875
1 0.34296875 0.53125 0.05 0.075
1 0.3546875 0.5859375 0.034375 0.0578125
1 0.3390625 0.6640625 0.034375 0.06328125
1 0.52265625 0.39375 0.0421875 0.06328125
1 0.4734375 0.56640625 0.06484375 0.06328125
1 0.4984375 0.6265625 0.02265625 0.0578125
1 0.534375 0.640625 0.05 0.0515625
1 0.57265625 0.6953125 0.06484375 0.04609375
1 0.58828125 0.75859375 0.0578125 0.0578125
1 0.653125 0.68671875 0.05 0.06328125
1 0.69140625 0.65234375 0.05 0.075
1 0.61328125 0.59765625 0.05390625 0.08046875
1 0.64921875 0.54609375 0.034375 0.04609375
1 0.6875 0.58046875 0.0421875 0.0578125
1 0.7203125 0.45078125 0.05390625 0.075
1 0.77421875 0.3421875 0.03828125 0.06328125
1 0.66875 0.3765625 0.0421875 0.0515625
1 0.61484375 0.26171875 0.0421875 0.0859375
1 0.6625 0.18125 0.04609375 0.06328125
1 0.6796875 0.2640625 0.034375 0.0578125
1 0.5921875 0.16640625 0.0265625 0.034375
1 0.53828125 0.109375 0.0265625 0.034375
1 0.55390625 0.21015625 0.034375 0.06328125
1 0.28125 0.64375 0.0421875 0.04609375
1 0.2046875 0.65546875 0.0265625 0.04609375
1 0.24140625 0.68125 0.03828125 0.0515625