1 0.53046875 0.13984375 0.1109375 0.0609375
1 0.47578125 0.05625 0.06015625 0.0390625
1 0.53828125 0.35 0.084375 0.0390625
1 0.5984375 0.4890625 0.06015625 0.0609375
1 0.43515625 0.4 0.0796875 0.071875
1 0.31328125 0.4046875 0.07734375 0.0625
1 0.25390625 0.43828125 0.10390625 0.0625
1 0.34453125 0.48671875 0.0671875 0.05703125
1 0.4328125 0.53671875 0.06953125 0.05
1 0.7984375 0.6 0.0890625 0.06484375
1 0.86015625 0.63671875 0.0578125 0.0390625
1 0.878125 0.71015625 0.04609375 0.0484375
1 0.69609375 0.77265625 0.1109375 0.0703125
1 0.57734375 0.71328125 0.04609375 0.0625
1 0.30703125 0.70546875 0.06015625 0.06484375
1 0.14453125 0.60546875 0.053125 0.05390625
1 0.14375 0.7078125 0.10390625 0.06640625
1 0.390625 0.8546875 0.08203125 0.05390625
1 0.64609375 0.16640625 0.0578125 0.059375
1 0.58828125 0.31171875 0.09609375 0.071875
1 0.77109375 0.2796875 0.09609375 0.0609375
1 0.48828125 0.5828125 0.10390625 0.05390625
1 0.62734375 0.60625 0.0890625 0.04453125
1 0.684375 0.55859375 0.053125 0.0484375
1 0.725 0.49296875 0.0578125 0.05390625
1 0.46171875 0.6796875 0.0984375 0.09453125
1 0.32421875 0.8515625 0.040625 0.05
1 0.2625 0.821875 0.009375 0.01328125
1 0.21171875 0.8 0.0625 0.06640625
1 0.2796875 0.871875 0.0578125 0.05390625
1 0.75078125 0.7203125 0.075 0.08671875
1 0.775 0.37265625 0.03125 0.0390625
1 0.96015625 0.3515625 0.05078125 0.0484375
1 0.76953125 0.18984375 0.040625 0.05
1 0.54375 0.08203125 0.06484375 0.0421875
1 0.4375 0.26796875 0.05078125 0.04453125
1 0.2421875 0.24765625 0.0359375 0.03359375
1 0.23515625 0.353125 0.05078125 0.03359375
1 0.2265625 0.38515625 0.0578125 0.03515625
1 0.09609375 0.47109375 0.0625 0.040625
1 0.09765625 0.3890625 0.04609375 0.0390625
1 0.159375 0.5609375 0.053125 0.0390625
1 0.06171875 0.5546875 0.06484375 0.05546875
1 0.29609375 0.64765625 0.0484375 0.03125
1 0.28671875 0.55546875 0.03828125 0.0390625
1 0.209375 0.72578125 0.0484375 0.0421875
1 0.24453125 0.7484375 0.05078125 0.03671875
1 0.8953125 0.5484375 0.04609375 0.0390625
1 0.8109375 0.4609375 0.04609375 0.03125
1 0.5578125 0.85 0.0359375 0.03671875
1 0.57734375 0.3921875 0.04609375 0.03359375
1 0.3015625 0.8265625 0.07265625 0.040625
1 0.6796875 0.4125 0.0578125 0.0515625
1 0.34609375 0.80234375 0.06015625 0.0484375
1 0.2359375 0.86875 0.04375 0.03671875
1 0.60859375 0.43828125 0.04609375 0.03671875
1 0.55390625 0.5453125 0.053125 0.03671875
1 0.50625 0.40078125 0.0484375 0.03359375
1 0.4328125 0.603125 0.06015625 0.0390625
1 0.53359375 0.02109375 0.05078125 0.03515625
1 0.08515625 0.7625 0.06015625 0.0421875