3 0.55625 0.3140625 0.03203125 0.0359375
3 0.61640625 0.34453125 0.03984375 0.03359375
3 0.33828125 0.67421875 0.04453125 0.03359375
3 0.32578125 0.70859375 0.03984375 0.04453125
3 0.2875 0.78828125 0.03671875 0.0359375
3 0.221875 0.790625 0.03984375 0.03125
3 0.23671875 0.8453125 0.04375 0.04609375
3 0.26640625 0.8703125 0.03984375 0.03515625
3 0.40859375 0.88828125 0.03671875 0.0359375
3 0.18046875 0.715625 0.034375 0.03984375
3 0.1703125 0.659375 0.04921875 0.0421875
3 0.240625 0.69296875 0.046875 0.0484375