2 0.72734375 0.21796875 0.03984375 0.0421875
2 0.43359375 0.25 0.0546875 0.01796875
2 0.11171875 0.51015625 0.04921875 0.0375
2 0.18203125 0.5234375 0.03671875 0.0375
2 0.2515625 0.6125 0.059375 0.046875
2 0.28359375 0.65234375 0.034375 0.03359375
2 0.2015625 0.67421875 0.03671875 0.03359375
2 0.15546875 0.665625 0.04921875 0.0421875
2 0.09453125 0.6796875 0.04921875 0.03125
2 0.1828125 0.7640625 0.02421875 0.0265625
2 0.22109375 0.75234375 0.04140625 0.03359375
2 0.25546875 0.82109375 0.03203125 0.0203125
2 0.29375 0.81640625 0.04921875 0.0421875
2 0.43359375 0.8015625 0.04375 0.01796875
2 0.4734375 0.76796875 0.04921875 0.02421875
2 0.23359375 0.853125 0.04140625 0.03515625
2 0.2765625 0.85390625 0.034375 0.0375
2 0.18125 0.88046875 0.08125 0.0640625
2 0.26171875 0.93359375 0.07890625 0.06484375
2 0.35859375 0.29765625 0.03203125 0.06875
2 0.40234375 0.2796875 0.06875 0.0640625