1 0.26953125 0.09453125 0.07265625 0.1234375
1 0.13515625 0.09453125 0.075 0.08125
1 0.13046875 0.16640625 0.0640625 0.07734375
1 0.64375 0.50703125 0.084375 0.0640625
1 0.5859375 0.603125 0.07109375 0.04453125
1 0.525 0.76640625 0.05078125 0.08125
1 0.5390625 0.81640625 0.05234375 0.08125
1 0.71171875 0.74609375 0.0640625 0.075
1 0.71875 0.67734375 0.06640625 0.1
1 0.73359375 0.61015625 0.06640625 0.06953125
1 0.8234375 0.6203125 0.040625 0.0640625
1 0.83671875 0.640625 0.0359375 0.03828125
1 0.78125 0.73046875 0.040625 0.06015625
1 0.84296875 0.70546875 0.05078125 0.075
1 0.7765625 0.4890625 0.04375 0.05625
1 0.79453125 0.54140625 0.040625 0.05625
1 0.8640625 0.55078125 0.04921875 0.06015625
1 0.88359375 0.6609375 0.05078125 0.06015625
1 0.76640625 0.653125 0.0609375 0.05625
1 0.72890625 0.5625 0.0546875 0.03671875
1 0.6578125 0.628125 0.0578125 0.04453125
1 0.646875 0.70546875 0.05078125 0.0484375
1 0.6578125 0.7609375 0.05234375 0.065625
1 0.64140625 0.81875 0.0453125 0.06953125
1 0.7234375 0.79921875 0.04609375 0.0734375
1 0.6953125 0.88203125 0.0625 0.0578125
1 0.60703125 0.85234375 0.05234375 0.05234375
1 0.59921875 0.77734375 0.04765625 0.0484375
1 0.553125 0.69375 0.02734375 0.05234375
1 0.59453125 0.696875 0.0578125 0.0734375
1 0.475 0.75390625 0.0421875 0.0640625
1 0.47421875 0.8078125 0.040625 0.07109375
1 0.425 0.67265625 0.04921875 0.0640625
1 0.30625 0.5203125 0.0390625 0.05234375
1 0.40546875 0.4640625 0.02890625 0.0484375
1 0.39375 0.25859375 0.0421875 0.05
1 0.2953125 0.21328125 0.05234375 0.06015625
1 0.4296875 0.0828125 0.07109375 0.08125
1 0.4578125 0.175 0.0609375 0.07890625
1 0.18515625 0.52421875 0.0453125 0.09453125
1 0.06484375 0.31875 0.0578125 0.08125
1 0.040625 0.4453125 0.03203125 0.0640625
1 0.02890625 0.19375 0.0375 0.07109375
1 0.0453125 0.14765625 0.0375 0.05234375
1 0.1875 0.1875 0.059375 0.0890625
1 0.48515625 0.62734375 0.05234375 0.065625
1 0.3328125 0.303125 0.0359375 0.0578125
1 0.38203125 0.39375 0.0453125 0.0421875
1 0.56875 0.553125 0.05390625 0.04453125
1 0.0828125 0.0359375 0.0578125 0.05625
1 0.02265625 0.02578125 0.0453125 0.0515625
1 0.3875 0.184375 0.07421875 0.07109375