2 0.51640625 0.20859375 0.0515625 0.03359375
2 0.496875 0.1734375 0.0515625 0.03359375
2 0.5265625 0.13125 0.03671875 0.0421875
2 0.6015625 0.10703125 0.04921875 0.05546875
2 0.26640625 0.19375 0.04921875 0.03359375
2 0.21484375 0.19921875 0.03984375 0.0359375
2 0.20234375 0.2390625 0.034375 0.03515625
2 0.24453125 0.246875 0.03984375 0.0328125
2 0.19921875 0.31953125 0.04140625 0.0421875
2 0.16640625 0.378125 0.05625 0.04453125
2 0.17265625 0.4734375 0.059375 0.04921875
2 0.08203125 0.47265625 0.0296875 0.0203125
2 0.1234375 0.5046875 0.034375 0.03984375
2 0.17265625 0.5078125 0.0546875 0.05078125
2 0.1421875 0.59453125 0.0421875 0.046875
2 0.21484375 0.59609375 0.04921875 0.04453125
2 0.23984375 0.5390625 0.04921875 0.0515625
2 0.18359375 0.678125 0.03671875 0.0359375
2 0.1890625 0.77890625 0.046875 0.06875
2 0.2421875 0.8859375 0.07890625 0.084375
2 0.35546875 0.76328125 0.0640625 0.06484375
2 0.40078125 0.86640625 0.03671875 0.0484375
2 0.415625 0.91171875 0.0515625 0.05078125
2 0.38984375 0.18203125 0.08359375 0.05546875
2 0.37578125 0.078125 0.0421875 0.06015625