2 0.4671875 0.33828125 0.046875 0.03515625
2 0.4625 0.29765625 0.03671875 0.0421875
2 0.4328125 0.17890625 0.03671875 0.053125
2 0.46953125 0.14375 0.0515625 0.0359375
2 0.540625 0.13125 0.06640625 0.0515625
2 0.60234375 0.1375 0.0515625 0.03828125
2 0.6 0.19453125 0.0515625 0.0578125
2 0.75546875 0.14140625 0.07578125 0.04453125
2 0.84140625 0.3234375 0.046875 0.04921875
2 0.8984375 0.3265625 0.046875 0.03359375
2 0.9375 0.3953125 0.05703125 0.046875
2 0.9140625 0.51015625 0.0640625 0.0375
2 0.95234375 0.5515625 0.07578125 0.0578125
2 0.91171875 0.58046875 0.05390625 0.04453125
2 0.88203125 0.61015625 0.059375 0.0421875
2 0.9328125 0.6296875 0.046875 0.046875
2 0.875 0.65234375 0.05390625 0.0421875
2 0.7515625 0.665625 0.04921875 0.05078125
2 0.83671875 0.70390625 0.06171875 0.053125
2 0.88828125 0.7125 0.06171875 0.0203125
2 0.878125 0.7421875 0.03203125 0.03984375
2 0.9265625 0.73515625 0.05390625 0.03984375
2 0.94375 0.69140625 0.04453125 0.04453125
2 0.971875 0.69765625 0.03203125 0.03125
2 0.77109375 0.73515625 0.0546875 0.04453125
2 0.6578125 0.7 0.059375 0.053125