2 0.75 0.53359375 0.03203125 0.03984375
2 0.7828125 0.51796875 0.03203125 0.04453125
2 0.80625 0.49921875 0.0296875 0.03359375
2 0.9140625 0.58359375 0.04453125 0.0375
2 0.92890625 0.6609375 0.03984375 0.0375
2 0.87578125 0.646875 0.04140625 0.0578125
2 0.8921875 0.6875 0.0390625 0.0375
2 0.89296875 0.71328125 0.02734375 0.03125
2 0.86328125 0.7421875 0.06171875 0.0625
2 0.8796875 0.78125 0.02890625 0.0375
2 0.73203125 0.6921875 0.0296875 0.02890625
2 0.74765625 0.66875 0.02734375 0.0359375
2 0.7796875 0.5625 0.03203125 0.03515625
2 0.815625 0.5703125 0.03984375 0.0421875
2 0.646875 0.590625 0.046875 0.05546875
2 0.64453125 0.7390625 0.046875 0.05078125
2 0.62890625 0.7984375 0.04921875 0.0375
2 0.68671875 0.80234375 0.0171875 0.03984375
2 0.70625 0.8109375 0.02734375 0.03984375
2 0.7390625 0.79765625 0.04453125 0.0359375
2 0.78125 0.790625 0.04453125 0.03125
2 0.80078125 0.82109375 0.03984375 0.0421875
2 0.7625 0.8171875 0.03671875 0.0265625
2 0.74921875 0.85078125 0.04921875 0.053125
2 0.58203125 0.90390625 0.03984375 0.03515625
2 0.634375 0.8875 0.04140625 0.046875
2 0.42421875 0.25859375 0.0390625 0.0578125