1 0.28359375 0.12109375 0.034375 0.01796875
1 0.28125 0.159375 0.034375 0.03125
1 0.21484375 0.55390625 0.02890625 0.0359375
1 0.23046875 0.59453125 0.02734375 0.0375
1 0.11640625 0.578125 0.0640625 0.04453125
1 0.29375 0.7640625 0.034375 0.053125
1 0.19375 0.76171875 0.05625 0.03125
1 0.1828125 0.71875 0.04921875 0.0375
1 0.23671875 0.66875 0.03984375 0.03125
1 0.23359375 0.81875 0.046875 0.08203125
1 0.275 0.85390625 0.0515625 0.05546875
1 0.3109375 0.83984375 0.03984375 0.021875
1 0.33671875 0.7921875 0.046875 0.0375
1 0.3875 0.81640625 0.0640625 0.03828125
1 0.3734375 0.85078125 0.0171875 0.03125
1 0.3921875 0.90078125 0.03984375 0.03359375
1 0.1203125 0.66640625 0.03203125 0.03515625
1 0.1828125 0.64375 0.059375 0.0421875
1 0.34921875 0.70859375 0.03203125 0.0265625
1 0.2453125 0.7109375 0.05625 0.0265625
1 0.42421875 0.57265625 0.02421875 0.0515625
1 0.29609375 0.3609375 0.04921875 0.04453125
1 0.54375 0.2421875 0.06640625 0.03359375
1 0.57890625 0.30625 0.06875 0.05078125
1 0.334375 0.10546875 0.03203125 0.03125
1 0.39453125 0.08671875 0.07421875 0.0421875
1 0.309375 0.1640625 0.0375 0.03046875
1 0.34609375 0.128125 0.03203125 0.0265625
1 0.4734375 0.14453125 0.03828125 0.02265625
1 0.4234375 0.125 0.04921875 0.028125
1 0.49765625 0.1046875 0.0265625 0.02421875
1 0.28984375 0.28203125 0.0453125 0.03671875
1 0.25703125 0.3265625 0.0578125 0.03984375
1 0.625 0.25390625 0.02890625 0.0265625
1 0.1421875 0.259375 0.0578125 0.06015625
1 0.1765625 0.1765625 0.0546875 0.03984375
1 0.1921875 0.490625 0.0421875 0.03125
1 0.18046875 0.56328125 0.05546875 0.03359375
1 0.3546875 0.58359375 0.06875 0.0609375
1 0.5625 0.890625 0.0453125 0.04296875
1 0.11953125 0.7609375 0.04453125 0.05390625
1 0.06171875 0.6734375 0.04765625 0.07578125
1 0.28203125 0.58203125 0.06328125 0.05390625
1 0.29453125 0.63984375 0.08125 0.06484375
1 0.40625 0.6515625 0.12734375 0.0671875
1 0.41015625 0.7234375 0.090625 0.07578125
1 0.2109375 0.69140625 0.05078125 0.03984375
1 0.4703125 0.859375 0.05546875 0.04609375
1 0.4796875 0.5734375 0.04765625 0.07265625
1 0.5890625 0.66875 0.040625 0.0390625
1 0.49453125 0.934375 0.046875 0.040625
1 0.34765625 0.92109375 0.03671875 0.03828125
1 0.33125 0.8734375 0.0609375 0.0421875