1 0.3546875 0.14609375 0.05625 0.0734375
1 0.48125 0.0796875 0.06171875 0.07734375
1 0.6390625 0.19140625 0.05390625 0.0734375
1 0.55390625 0.24921875 0.040625 0.059375
1 0.58125 0.38828125 0.04609375 0.10078125
1 0.52578125 0.39921875 0.0703125 0.08671875
1 0.46484375 0.37421875 0.0515625 0.0546875
1 0.3796875 0.35390625 0.0375 0.05
1 0.33984375 0.43125 0.0375 0.08671875
1 0.28984375 0.603125 0.0515625 0.0640625
1 0.47265625 0.7921875 0.040625 0.09609375
1 0.509375 0.74453125 0.05390625 0.11875
1 0.45 0.2875 0.059375 0.0640625
1 0.49609375 0.57109375 0.059375 0.08203125
1 0.3421875 0.034375 0.04296875 0.059375
1 0.4203125 0.03671875 0.0484375 0.0640625
1 0.38671875 0.09140625 0.040625 0.0640625
1 0.43515625 0.11875 0.040625 0.0734375
1 0.52578125 0.16875 0.0484375 0.0734375
1 0.459375 0.19140625 0.0671875 0.0734375
1 0.39609375 0.22109375 0.0484375 0.08671875
1 0.36484375 0.26484375 0.0515625 0.09140625
1 0.3125 0.26953125 0.0703125 0.10078125
1 0.25625 0.43125 0.06484375 0.08671875
1 0.3109375 0.38359375 0.06171875 0.09140625
1 0.63359375 0.2625 0.08125 0.09609375
1 0.57265625 0.1734375 0.09453125 0.13671875
1 0.63203125 0.0453125 0.0515625 0.08203125
1 0.74921875 0.2171875 0.059375 0.09609375
1 0.3453125 0.51171875 0.04296875 0.0734375
1 0.43828125 0.64140625 0.0671875 0.07734375
1 0.4140625 0.70078125 0.040625 0.06875
1 0.3828125 0.7171875 0.07578125 0.10078125
1 0.340625 0.71953125 0.06171875 0.09609375
1 0.23984375 0.7078125 0.0484375 0.0734375
1 0.1765625 0.77421875 0.05625 0.059375
1 0.284375 0.8953125 0.0515625 0.0546875
1 0.375 0.85859375 0.05390625 0.128125
1 0.42421875 0.8125 0.040625 0.08203125
1 0.46640625 0.94765625 0.05390625 0.08671875
1 0.09296875 0.440625 0.040625 0.06875
1 0.13203125 0.47265625 0.04296875 0.07734375
1 0.23046875 0.27890625 0.0515625 0.0734375
1 0.275 0.04765625 0.02734375 0.05
1 0.2671875 0.15546875 0.04296875 0.0640625
1 0.17265625 0.4703125 0.03203125 0.0640625
1 0.25234375 0.525 0.0515625 0.0734375
1 0.146875 0.69140625 0.040625 0.05
1 0.325 0.80859375 0.040625 0.0640625
1 0.296875 0.78984375 0.02734375 0.0546875
1 0.6265625 0.475 0.0296875 0.0640625
1 0.51875 0.01796875 0.05625 0.0359375
1 0.63359375 0.88125 0.04296875 0.0640625
1 0.5703125 0.96796875 0.04609375 0.0546875
1 0.09296875 0.81015625 0.03515625 0.059375
1 0.175 0.88359375 0.03203125 0.059375
1 0.2625 0.94765625 0.04609375 0.059375
1 0.36953125 0.97265625 0.0375 0.0453125
1 0.52421875 0.32890625 0.040625 0.0640625