2 0.6375 0.20078125 0.05859375 0.03984375
2 0.59296875 0.13828125 0.04140625 0.04375
2 0.71640625 0.1375 0.078125 0.05
2 0.73046875 0.21328125 0.0609375 0.04375
2 0.58203125 0.384375 0.05859375 0.04375
2 0.54296875 0.33359375 0.053125 0.04609375
2 0.54140625 0.18125 0.05546875 0.02890625
2 0.4484375 0.171875 0.0640625 0.04765625
2 0.359375 0.196875 0.08046875 0.05234375
2 0.12890625 0.27421875 0.053125 0.05625
2 0.24453125 0.37734375 0.0390625 0.0375
2 0.325 0.48984375 0.0609375 0.05
2 0.225 0.5125 0.05546875 0.05390625
2 0.08046875 0.54375 0.0609375 0.03359375
2 0.14296875 0.57265625 0.05859375 0.0375
2 0.58359375 0.59765625 0.078125 0.05
2 0.6140625 0.69609375 0.05546875 0.08359375
2 0.68359375 0.71640625 0.078125 0.04140625
2 0.74453125 0.703125 0.0609375 0.06484375
2 0.5734375 0.834375 0.06953125 0.04375
2 0.63203125 0.78203125 0.0859375 0.04765625
2 0.4234375 0.83984375 0.0640625 0.04140625
2 0.353125 0.73046875 0.05546875 0.03125
2 0.16953125 0.859375 0.0609375 0.03515625
2 0.140625 0.89296875 0.0859375 0.06015625