2 0.49296875 0.6421875 0.034375 0.03515625
2 0.55234375 0.63671875 0.03984375 0.046875
2 0.5890625 0.63359375 0.0640625 0.04453125
2 0.60546875 0.6703125 0.06640625 0.046875
2 0.5421875 0.684375 0.034375 0.0359375
2 0.54609375 0.70390625 0.046875 0.03984375
2 0.571875 0.73984375 0.04453125 0.03984375
2 0.590625 0.75625 0.03671875 0.03359375
2 0.61953125 0.79765625 0.02734375 0.03984375
2 0.659375 0.8 0.0515625 0.0484375
2 0.6359375 0.8484375 0.04921875 0.03984375
2 0.44375 0.8828125 0.059375 0.02890625
2 0.50390625 0.88359375 0.06171875 0.04453125
2 0.7234375 0.65703125 0.03203125 0.02890625
2 0.753125 0.62109375 0.046875 0.0375
2 0.74921875 0.6625 0.04921875 0.03515625
2 0.65703125 0.6734375 0.05625 0.0484375
2 0.68984375 0.60703125 0.0546875 0.03125
2 0.6953125 0.5671875 0.04453125 0.04453125
2 0.76015625 0.5546875 0.06640625 0.05546875
2 0.64921875 0.63515625 0.0421875 0.0328125