3 0.0296875 0.4796875 0.04921875 0.0421875
3 0.071875 0.59375 0.04453125 0.0359375
3 0.09453125 0.63203125 0.05390625 0.0375
3 0.1140625 0.72578125 0.04453125 0.0375
3 0.1484375 0.67421875 0.03984375 0.0375
3 0.2796875 0.62421875 0.09609375 0.04921875
3 0.2703125 0.671875 0.05625 0.0375
3 0.28359375 0.740625 0.059375 0.046875
3 0.38515625 0.71953125 0.03984375 0.04453125
3 0.396875 0.81875 0.03984375 0.03359375
3 0.2765625 0.86875 0.05390625 0.07109375
3 0.3390625 0.8828125 0.06640625 0.07734375
3 0.47578125 0.92734375 0.04921875 0.046875