2 0.0828125 0.45234375 0.03203125 0.02890625
2 0.12109375 0.44921875 0.04453125 0.03515625
2 0.178125 0.51484375 0.0546875 0.02890625
2 0.11875 0.5890625 0.034375 0.04453125
2 0.19609375 0.63203125 0.04140625 0.05078125
2 0.2359375 0.61015625 0.03203125 0.0375
2 0.34453125 0.559375 0.04140625 0.03828125
2 0.35625 0.6109375 0.0515625 0.0359375
2 0.2734375 0.65703125 0.0296875 0.02890625
2 0.2421875 0.6734375 0.05390625 0.03984375
2 0.2828125 0.684375 0.03203125 0.03125
2 0.303125 0.70546875 0.03984375 0.03359375
2 0.340625 0.6390625 0.04921875 0.02421875
2 0.43671875 0.66328125 0.04453125 0.03359375
2 0.34296875 0.765625 0.05390625 0.05546875
2 0.38203125 0.68203125 0.0546875 0.03125
2 0.2 0.35390625 0.03984375 0.03984375
2 0.2421875 0.3765625 0.03984375 0.0359375
2 0.2859375 0.284375 0.04453125 0.03359375
2 0.309375 0.321875 0.0421875 0.0421875
2 0.30234375 0.64296875 0.03828125 0.034375