2 0.41171875 0.909375 0.04453125 0.05546875
2 0.38984375 0.83828125 0.034375 0.0421875
2 0.33203125 0.8640625 0.06171875 0.0578125
2 0.33515625 0.81328125 0.04453125 0.04453125
2 0.36484375 0.78828125 0.00546875 0.0046875
2 0.34453125 0.76640625 0.04140625 0.0578125
2 0.31328125 0.7375 0.034375 0.03984375
2 0.34375 0.71875 0.0515625 0.0421875
2 0.37578125 0.653125 0.05703125 0.053125
2 0.265625 0.678125 0.071875 0.0625
2 0.25390625 0.6453125 0.02421875 0.0203125
2 0.18046875 0.834375 0.07890625 0.0421875
2 0.22734375 0.615625 0.0640625 0.06171875
2 0.2234375 0.559375 0.07109375 0.06875
2 0.1375 0.5703125 0.0515625 0.046875
2 0.11640625 0.52265625 0.04921875 0.0578125
2 0.1953125 0.515625 0.0890625 0.07109375
2 0.315625 0.315625 0.03671875 0.0328125
2 0.1484375 0.41484375 0.04921875 0.03125
2 0.3734375 0.70859375 0.0328125 0.0328125
2 0.32265625 0.65703125 0.04453125 0.03359375