2 0.58046875 0.27109375 0.0421875 0.046875
2 0.4671875 0.22421875 0.02734375 0.046875
2 0.465625 0.28125 0.04453125 0.0265625
2 0.4734375 0.315625 0.06875 0.03359375
2 0.36875 0.2046875 0.06640625 0.0515625
2 0.77890625 0.34296875 0.03984375 0.03984375
2 0.92265625 0.6421875 0.03671875 0.03984375
2 0.8609375 0.6453125 0.04140625 0.0375
2 0.8046875 0.69296875 0.04140625 0.03515625
2 0.77109375 0.71875 0.03984375 0.02890625
2 0.740625 0.7484375 0.03671875 0.04453125
2 0.675 0.80546875 0.034375 0.0421875
2 0.62890625 0.74765625 0.0296875 0.0375
2 0.60625 0.775 0.05390625 0.04453125
2 0.5796875 0.88359375 0.04453125 0.03984375
2 0.6375 0.9015625 0.04140625 0.03984375
2 0.73828125 0.86953125 0.03671875 0.0421875
2 0.4625 0.93828125 0.03203125 0.02890625
2 0.5125 0.925 0.01953125 0.03359375
2 0.38984375 0.9203125 0.034375 0.0421875
2 0.70859375 0.928125 0.03203125 0.03125