1 0.2953125 0.6765625 0.02734375 0.05078125
1 0.31796875 0.6390625 0.03515625 0.05390625
1 0.33359375 0.61328125 0.03203125 0.0453125
1 0.3453125 0.52578125 0.015625 0.0203125
1 0.3828125 0.49921875 0.02265625 0.05703125
1 0.4078125 0.5125 0.0390625 0.0546875
1 0.62890625 0.73359375 0.02734375 0.05703125
1 0.5578125 0.746875 0.03046875 0.0484375
1 0.46640625 0.76015625 0.03359375 0.06328125
1 0.4578125 0.7078125 0.01640625 0.0359375
1 0.48203125 0.66875 0.03515625 0.06015625
1 0.46328125 0.678125 0.02421875 0.04296875
1 0.46640625 0.6359375 0.03046875 0.0546875
1 0.46015625 0.58046875 0.00859375 0.03984375
1 0.421875 0.5515625 0.0203125 0.0359375
1 0.4109375 0.5859375 0.02578125 0.05703125
1 0.35859375 0.625 0.01875 0.03359375
1 0.36640625 0.64375 0.01328125 0.0390625
1 0.3515625 0.71640625 0.03671875 0.05390625
1 0.35078125 0.6609375 0.03515625 0.04453125
1 0.4078125 0.6234375 0.02890625 0.04140625
1 0.38203125 0.6328125 0.03046875 0.0359375
1 0.384375 0.65859375 0.03203125 0.04453125
1 0.403125 0.68046875 0.03203125 0.0484375
1 0.43671875 0.65546875 0.0421875 0.03203125
1 0.42890625 0.69296875 0.03359375 0.0484375
1 0.39140625 0.72890625 0.02734375 0.04296875
1 0.4265625 0.71953125 0.02890625 0.06015625
1 0.375 0.571875 0.03359375 0.071875
1 0.6328125 0.6046875 0.02890625 0.04296875
1 0.48515625 0.5859375 0.01875 0.0359375
1 0.53125 0.684375 0.0234375 0.03984375
1 0.51953125 0.74453125 0.02578125 0.03203125
1 0.3390625 0.578125 0.01796875 0.04296875
1 0.45390625 0.40078125 0.02578125 0.03203125
1 0.3890625 0.37578125 0.0203125 0.034375
1 0.715625 0.4453125 0.02421875 0.0484375
1 0.72734375 0.35859375 0.03125 0.05703125
1 0.69765625 0.3265625 0.0265625 0.04921875
1 0.7453125 0.278125 0.02109375 0.046875
1 0.6609375 0.18828125 0.0375 0.046875
1 0.596875 0.1734375 0.03125 0.0515625
1 0.6015625 0.23671875 0.02578125 0.046875
1 0.68984375 0.14140625 0.03125 0.04921875
1 0.7078125 0.21015625 0.03828125 0.05703125
1 0.740625 0.19453125 0.0296875 0.0484375
1 0.76328125 0.153125 0.0359375 0.0453125
1 0.73046875 0.15546875 0.0296875 0.03984375
1 0.7671875 0.28125 0.0265625 0.0484375
1 0.69296875 0.4171875 0.028125 0.05859375
1 0.49609375 0.62265625 0.025 0.04140625
1 0.4671875 0.46953125 0.03359375 0.06875
1 0.31328125 0.56796875 0.03046875 0.0484375
1 0.4203125 0.45703125 0.0453125 0.06015625
1 0.66015625 0.15234375 0.025 0.03203125
1 0.38203125 0.1125 0.02421875 0.04140625
1 0.34453125 0.12421875 0.02109375 0.03515625
1 0.3640625 0.1015625 0.01796875 0.05390625
1 0.415625 0.0609375 0.03671875 0.025
1 0.45859375 0.54453125 0.025 0.0390625