1 0.65 0.64296875 0.025 0.05546875
1 0.57109375 0.7109375 0.0375 0.03828125
1 0.5171875 0.75625 0.00703125 0.0078125
1 0.5328125 0.709375 0.034375 0.05078125
1 0.50078125 0.7453125 0.0359375 0.040625
1 0.459375 0.7171875 0.040625 0.03046875
1 0.5 0.61015625 0.040625 0.05546875
1 0.5484375 0.52734375 0.0015625 0.00234375
1 0.5328125 0.51484375 0.0375 0.03828125
1 0.5390625 0.55625 0.03359375 0.05078125
1 0.5703125 0.559375 0.0421875 0.06640625
1 0.453125 0.625 0.03359375 0.05078125
1 0.41875 0.62109375 0.02734375 0.03828125
1 0.39765625 0.646875 0.015625 0.06328125
1 0.36640625 0.64921875 0.03046875 0.053125
1 0.3015625 0.5921875 0.03203125 0.05625
1 0.3640625 0.60234375 0.02890625 0.040625
1 0.38125 0.5578125 0.05234375 0.04296875
1 0.39765625 0.5171875 0.0390625 0.04296875
1 0.36015625 0.496875 0.03359375 0.05859375
1 0.37578125 0.43046875 0.0359375 0.05859375
1 0.43515625 0.453125 0.0359375 0.0640625
1 0.4578125 0.50078125 0.03359375 0.0609375
1 0.46875 0.45234375 0.02578125 0.05625
1 0.4671875 0.37578125 0.02890625 0.040625
1 0.50390625 0.296875 0.0375 0.08125
1 0.5125 0.25078125 0.01015625 0.015625
1 0.48359375 0.20546875 0.04453125 0.06640625
1 0.5765625 0.21640625 0.0578125 0.09453125
1 0.6703125 0.28515625 0.02109375 0.03046875
1 0.6828125 0.26640625 0.03046875 0.03203125
1 0.6625 0.2296875 0.0296875 0.046875
1 0.34296875 0.765625 0.03359375 0.04296875
1 0.365625 0.73828125 0.0296875 0.034375
1 0.25546875 0.65078125 0.034375 0.0328125
1 0.30703125 0.6390625 0.03359375 0.040625
1 0.3296875 0.67890625 0.03046875 0.0453125
1 0.3171875 0.55 0.03359375 0.05546875
1 0.3265625 0.50078125 0.03671875 0.05546875
1 0.34921875 0.4640625 0.04296875 0.05546875
1 0.3875 0.37734375 0.03359375 0.04765625
1 0.47109375 0.30625 0.0328125 0.06015625
1 0.56171875 0.26171875 0.04609375 0.05
1 0.62578125 0.21796875 0.03671875 0.0453125
1 0.49375 0.38515625 0.03984375 0.04921875
1 0.44296875 0.55859375 0.03359375 0.04296875
1 0.42109375 0.50078125 0.03125 0.0453125
1 0.39375 0.59765625 0.03828125 0.04296875
1 0.42890625 0.75546875 0.03515625 0.03828125
1 0.5765625 0.5984375 0.0328125 0.04140625
1 0.58203125 0.74921875 0.03046875 0.0390625
1 0.51484375 0.7953125 0.0375 0.04375
1 0.4796875 0.67890625 0.04375 0.04375
1 0.48828125 0.578125 0.04296875 0.0671875
1 0.53359375 0.3125 0.0359375 0.046875