3 0.3453125 0.6890625 0.025 0.03125
3 0.4328125 0.6703125 0.0515625 0.02890625
3 0.40703125 0.7046875 0.03984375 0.0359375
3 0.39921875 0.73359375 0.034375 0.03984375
3 0.375 0.7484375 0.03984375 0.04453125
3 0.43984375 0.78671875 0.04140625 0.04453125
3 0.490625 0.68125 0.0296875 0.05078125
3 0.52734375 0.70546875 0.034375 0.046875
3 0.565625 0.71640625 0.03671875 0.046875
3 0.64296875 0.66015625 0.02421875 0.04453125
3 0.5734375 0.609375 0.03671875 0.03515625
3 0.296875 0.3171875 0.05625 0.046875