3 0.2484375 0.6921875 0.03203125 0.046875
3 0.2890625 0.6375 0.01953125 0.03984375
3 0.32890625 0.6609375 0.021875 0.015625
3 0.4890625 0.59453125 0.03671875 0.0421875
3 0.484375 0.65703125 0.0421875 0.03359375
3 0.56171875 0.69453125 0.04453125 0.03359375
3 0.59765625 0.61015625 0.03671875 0.03359375
3 0.59375 0.30390625 0.03984375 0.046875
3 0.5609375 0.91484375 0.02734375 0.02265625
3 0.5203125 0.93203125 0.0296875 0.02421875
3 0.48203125 0.9265625 0.03203125 0.03984375
3 0.503125 0.9515625 0.0296875 0.02421875
3 0.47421875 0.88046875 0.021875 0.0421875
3 0.3625 0.69453125 0.04453125 0.06015625