1 0.66875 0.60859375 0.07421875 0.02734375
1 0.6265625 0.63515625 0.0828125 0.0625
1 0.553125 0.61328125 0.059375 0.02734375
1 0.64453125 0.56875 0.07109375 0.04765625
1 0.6015625 0.51875 0.06640625 0.03828125
1 0.69609375 0.5078125 0.08515625 0.06015625
1 0.53828125 0.503125 0.06484375 0.04140625
1 0.4828125 0.603125 0.05234375 0.03359375
1 0.40078125 0.5984375 0.09140625 0.046875
1 0.3734375 0.5375 0.06484375 0.03203125
1 0.2921875 0.5640625 0.07421875 0.05703125
1 0.1265625 0.6203125 0.09453125 0.046875
1 0.221875 0.63671875 0.0546875 0.06640625
1 0.37734375 0.46484375 0.0796875 0.0578125
1 0.46015625 0.4875 0.06796875 0.06015625
1 0.51953125 0.44453125 0.08515625 0.04453125
1 0.165625 0.390625 0.0796875 0.0640625
1 0.465625 0.40234375 0.103125 0.053125
1 0.55859375 0.334375 0.08828125 0.046875
1 0.58203125 0.40546875 0.0765625 0.0421875
1 0.565625 0.303125 0.07421875 0.0578125
1 0.48671875 0.278125 0.0609375 0.04375
1 0.5046875 0.24296875 0.06640625 0.04921875
1 0.609375 0.1765625 0.0765625 0.03203125
1 0.675 0.19609375 0.06796875 0.0578125
1 0.4140625 0.19296875 0.096875 0.0421875
1 0.1515625 0.4859375 0.06796875 0.04140625
1 0.58671875 0.11875 0.06640625 0.0796875
1 0.6921875 0.07734375 0.09453125 0.06640625
1 0.80078125 0.51953125 0.06796875 0.04609375
1 0.11484375 0.334375 0.040625 0.02734375
1 0.1625 0.309375 0.07265625 0.0359375
1 0.28671875 0.265625 0.03203125 0.03359375
1 0.3046875 0.29765625 0.04375 0.02734375
1 0.28203125 0.34609375 0.05390625 0.03515625
1 0.26953125 0.428125 0.04609375 0.0390625
1 0.2375 0.465625 0.0375 0.03203125
1 0.2109375 0.44453125 0.03359375 0.04765625
1 0.17421875 0.52421875 0.0375 0.028125
1 0.13984375 0.5421875 0.0359375 0.0296875
1 0.1875 0.57890625 0.0765625 0.0546875
1 0.34609375 0.3796875 0.06953125 0.05546875
1 0.4265625 0.35703125 0.06796875 0.0390625
1 0.48203125 0.3609375 0.03359375 0.03359375
1 0.54140625 0.3765625 0.05078125 0.0328125
1 0.5015625 0.340625 0.03515625 0.02421875
1 0.490625 0.31171875 0.0421875 0.03359375
1 0.41015625 0.27109375 0.040625 0.040625
1 0.43515625 0.30234375 0.0421875 0.03046875
1 0.59375 0.22890625 0.05390625 0.0359375
1 0.64921875 0.2921875 0.0640625 0.03515625
1 0.75 0.1625 0.096875 0.04140625
1 0.48125 0.5578125 0.07265625 0.05234375
1 0.03515625 0.4296875 0.04765625 0.0578125
1 0.04609375 0.47578125 0.06953125 0.0328125
1 0.8546875 0.06171875 0.05234375 0.040625
1 0.75546875 0.46484375 0.05625 0.06640625