3 0.15546875 0.58671875 0.034375 0.03125
3 0.19765625 0.596875 0.04453125 0.02890625
3 0.28125 0.64453125 0.0640625 0.053125
3 0.259375 0.68203125 0.04921875 0.0359375
3 0.18125 0.64140625 0.05625 0.0421875
3 0.1296875 0.6609375 0.04140625 0.0375
3 0.19140625 0.74921875 0.03671875 0.03984375
3 0.2625 0.7875 0.03671875 0.03359375
3 0.3109375 0.81640625 0.03984375 0.0421875
3 0.20390625 0.8171875 0.05625 0.04453125
3 0.159375 0.84609375 0.03203125 0.03515625
3 0.0890625 0.784375 0.03984375 0.02265625
3 0.590625 0.57734375 0.03203125 0.02890625
3 0.3921875 0.6453125 0.0296875 0.0375
3 0.584375 0.88828125 0.04453125 0.03125