3 0.43125 0.2671875 0.04453125 0.03125
3 0.38984375 0.2421875 0.034375 0.03359375
3 0.3984375 0.1609375 0.0421875 0.0265625
3 0.45 0.15 0.04140625 0.01796875
3 0.5265625 0.17890625 0.04140625 0.0265625
3 0.5421875 0.14375 0.04453125 0.0265625
3 0.6984375 0.596875 0.03203125 0.02890625
3 0.85859375 0.6453125 0.03203125 0.06015625
3 0.91171875 0.4203125 0.034375 0.0578125
3 0.6921875 0.73671875 0.0390625 0.03828125
3 0.63984375 0.81953125 0.02734375 0.03984375
3 0.52109375 0.89921875 0.0421875 0.04921875
3 0.69375 0.8109375 0.021875 0.0578125