1 0.50546875 0.0625 0.08359375 0.03359375
1 0.4640625 0.09375 0.0671875 0.02890625
1 0.57265625 0.09765625 0.08359375 0.0375
1 0.43828125 0.18359375 0.0390625 0.03359375
1 0.51640625 0.2 0.128125 0.06640625
1 0.3015625 0.15390625 0.0890625 0.04140625
1 0.3546875 0.11640625 0.08359375 0.04140625
1 0.3015625 0.29609375 0.05625 0.05
1 0.471875 0.25 0.10625 0.05
1 0.446875 0.30390625 0.0890625 0.05
1 0.471875 0.35625 0.128125 0.04609375
1 0.2484375 0.36484375 0.07265625 0.0625
1 0.3578125 0.40625 0.0890625 0.02890625
1 0.30703125 0.44765625 0.0671875 0.04609375
1 0.36328125 0.45390625 0.0671875 0.025
1 0.12578125 0.57265625 0.06171875 0.04609375
1 0.23203125 0.55859375 0.028125 0.03359375
1 0.290625 0.55859375 0.04453125 0.05859375
1 0.2765625 0.60859375 0.10625 0.05
1 0.29296875 0.66640625 0.06171875 0.05
1 0.4078125 0.54609375 0.0890625 0.05859375
1 0.4609375 0.51875 0.06171875 0.05390625
1 0.365625 0.59140625 0.0953125 0.06640625
1 0.45 0.59765625 0.05 0.0375
1 0.396875 0.66484375 0.0671875 0.05390625
1 0.44140625 0.66875 0.04453125 0.0375
1 0.6203125 0.66484375 0.05625 0.0625
1 0.60625 0.72265625 0.05 0.05390625
1 0.55859375 0.7625 0.078125 0.05859375
1 0.57265625 0.80625 0.0390625 0.0375
1 0.43828125 0.81875 0.05 0.04609375
1 0.5390625 0.86015625 0.06171875 0.04609375
1 0.63125 0.84375 0.05625 0.02890625
1 0.76796875 0.92265625 0.05 0.02109375
1 0.6421875 0.89140625 0.03359375 0.05
1 0.7265625 0.96484375 0.05625 0.0375
1 0.7265625 0.80859375 0.10078125 0.075
1 0.53046875 0.48359375 0.05625 0.04140625
1 0.75703125 0.50390625 0.05 0.04140625
1 0.840625 0.50234375 0.06171875 0.05390625
1 0.58671875 0.58125 0.04453125 0.0375
1 0.54765625 0.66484375 0.0671875 0.0375
1 0.496875 0.66015625 0.05625 0.04609375
1 0.52265625 0.62109375 0.06171875 0.04140625
1 0.44140625 0.425 0.04453125 0.03359375
1 0.553125 0.14375 0.05625 0.04609375
1 0.44140625 0.75234375 0.0671875 0.0375
1 0.4890625 0.7625 0.06171875 0.04140625
1 0.74296875 0.66484375 0.0671875 0.0375
1 0.6984375 0.59609375 0.04453125 0.03359375
1 0.6453125 0.58515625 0.06171875 0.0375
1 0.71484375 0.62265625 0.04453125 0.0375
1 0.70703125 0.54609375 0.05 0.03359375
1 0.2515625 0.51875 0.05625 0.02890625