1 0.57109375 0.33515625 0.0578125 0.04140625
1 0.56484375 0.2953125 0.0765625 0.05078125
1 0.3875 0.35078125 0.07109375 0.03359375
1 0.35625 0.41875 0.0546875 0.05546875
1 0.42734375 0.4046875 0.0609375 0.01328125
1 0.44296875 0.446875 0.0453125 0.03046875
1 0.3140625 0.4671875 0.04765625 0.0359375
1 0.39609375 0.4671875 0.04765625 0.02265625
1 0.503125 0.43515625 0.0640625 0.03984375
1 0.4328125 0.48828125 0.06484375 0.04453125
1 0.490625 0.4765625 0.07109375 0.0421875
1 0.4734375 0.51484375 0.059375 0.03828125
1 0.465625 0.55234375 0.05625 0.04140625
1 0.43203125 0.56796875 0.0578125 0.046875
1 0.409375 0.61328125 0.0625 0.04375
1 0.40078125 0.64921875 0.0453125 0.03828125
1 0.48515625 0.6171875 0.03515625 0.03046875
1 0.51171875 0.6609375 0.040625 0.0328125
1 0.45859375 0.6703125 0.05390625 0.0390625
1 0.55859375 0.69921875 0.0765625 0.04921875
1 0.5484375 0.61328125 0.05625 0.03046875
1 0.58515625 0.64609375 0.04609375 0.03984375
1 0.64765625 0.6328125 0.05234375 0.04453125
1 0.6859375 0.6109375 0.04765625 0.0390625
1 0.5890625 0.78671875 0.04765625 0.03984375
1 0.73359375 0.66875 0.04609375 0.053125
1 0.85625 0.6171875 0.04375 0.046875
1 0.83671875 0.6640625 0.05390625 0.0390625
1 0.75546875 0.54296875 0.05625 0.03828125
1 0.8078125 0.52109375 0.07109375 0.05078125
1 0.8109375 0.5953125 0.09453125 0.053125
1 0.578125 0.4421875 0.0546875 0.04765625
1 0.61640625 0.44453125 0.07421875 0.05234375
1 0.6546875 0.40390625 0.07109375 0.046875
1 0.71328125 0.40078125 0.040625 0.03984375
1 0.73515625 0.446875 0.04375 0.0390625
1 0.78828125 0.42890625 0.04921875 0.04453125
1 0.84296875 0.43203125 0.07109375 0.05546875
1 0.6875 0.4671875 0.06796875 0.06171875
1 0.6265625 0.540625 0.10546875 0.0640625
1 0.6453125 0.68515625 0.04609375 0.05078125
1 0.81484375 0.62734375 0.0625 0.0421875
1 0.73046875 0.121875 0.06640625 0.0546875
1 0.4796875 0.3953125 0.06640625 0.03359375
1 0.37890625 0.49921875 0.0453125 0.04453125
1 0.63515625 0.76015625 0.0546875 0.03515625
1 0.4046875 0.5390625 0.06953125 0.0328125
1 0.7453125 0.384375 0.05625 0.0421875
1 0.8171875 0.37578125 0.06953125 0.04375
1 0.66640625 0.80546875 0.04921875 0.0328125
1 0.625 0.80078125 0.0390625 0.03359375
1 0.54453125 0.7546875 0.05625 0.0453125
1 0.784375 0.73984375 0.04609375 0.03359375
1 0.709375 0.7046875 0.05390625 0.0453125
1 0.4828125 0.26484375 0.05234375 0.0453125
1 0.66328125 0.2828125 0.059375 0.0328125
1 0.4953125 0.5859375 0.05078125 0.0390625
1 0.50703125 0.55078125 0.040625 0.03359375
1 0.54453125 0.52734375 0.04765625 0.04453125
1 0.5515625 0.58203125 0.0625 0.03984375
1 0.58203125 0.49375 0.04765625 0.03984375
1 0.63515625 0.49140625 0.05078125 0.05
1 0.7453125 0.50078125 0.06796875 0.04453125
1 0.79140625 0.4796875 0.05234375 0.0296875
1 0.62890625 0.5953125 0.07265625 0.0328125