2 0.55078125 0.6703125 0.03671875 0.03359375
2 0.5296875 0.7109375 0.059375 0.04921875
2 0.734375 0.5125 0.034375 0.02890625
2 0.76015625 0.5390625 0.03671875 0.03828125
2 0.68984375 0.56953125 0.0640625 0.03984375
2 0.6875 0.61875 0.03984375 0.03359375
2 0.71484375 0.66015625 0.04921875 0.03515625
2 0.715625 0.703125 0.0125 0.0109375
2 0.57578125 0.6296875 0.05625 0.0421875
2 0.50625 0.72890625 0.021875 0.02265625
2 0.56796875 0.7578125 0.046875 0.03984375
2 0.61875 0.80078125 0.0046875 0.00703125
2 0.59296875 0.790625 0.03671875 0.04453125
2 0.6078125 0.69296875 0.04140625 0.03125
2 0.4671875 0.91796875 0.05625 0.03359375
2 0.496875 0.71015625 0.03203125 0.02421875
2 0.74296875 0.5765625 0.046875 0.046875
2 0.5296875 0.78515625 0.025 0.02890625
2 0.65703125 0.74609375 0.02421875 0.025
2 0.51015625 0.628125 0.0421875 0.028125
2 0.590625 0.85078125 0.02734375 0.028125