2 0.5984375 0.4671875 0.0375 0.06640625
2 0.56015625 0.4546875 0.0390625 0.05546875
2 0.53515625 0.65078125 0.021875 0.03046875
2 0.525 0.73203125 0.021875 0.03515625
2 0.56484375 0.6140625 0.0171875 0.04296875
2 0.63046875 0.7375 0.0203125 0.0453125
2 0.6015625 0.73203125 0.03359375 0.05078125
2 0.5578125 0.7765625 0.03046875 0.0328125
2 0.58671875 0.7703125 0.0203125 0.03046875
2 0.5640625 0.80859375 0.015625 0.040625
2 0.696875 0.73203125 0.0375 0.04609375
2 0.73203125 0.73828125 0.03046875 0.0328125
2 0.70859375 0.7703125 0.0203125 0.0359375
2 0.69296875 0.7703125 0.02734375 0.0453125
2 0.67734375 0.76640625 0.021875 0.0640625
2 0.65546875 0.809375 0.03515625 0.0484375
2 0.6 0.80078125 0.01328125 0.0203125
2 0.6078125 0.83046875 0.02890625 0.03828125
2 0.59140625 0.87109375 0.02734375 0.028125
2 0.646875 0.8515625 0.02578125 0.05078125
2 0.6359375 0.88125 0.0203125 0.02265625
2 0.64609375 0.89765625 0.0171875 0.040625
2 0.66875 0.846875 0.02890625 0.040625
2 0.7046875 0.80625 0.0203125 0.03046875