3 0.7296875 0.5015625 0.0390625 0.02890625
3 0.821875 0.409375 0.03203125 0.04453125
3 0.29453125 0.83515625 0.0125 0.03984375
3 0.3234375 0.8484375 0.025 0.04453125
3 0.38984375 0.83125 0.025 0.03125
3 0.40546875 0.91875 0.046875 0.0375
3 0.475 0.85 0.04140625 0.046875
3 0.315625 0.6734375 0.04921875 0.04453125
3 0.35234375 0.37265625 0.034375 0.046875
3 0.35390625 0.32734375 0.02734375 0.04453125
3 0.390625 0.31328125 0.046875 0.046875
3 0.44140625 0.2671875 0.03984375 0.01796875
3 0.41796875 0.2265625 0.0515625 0.0421875
3 0.3390625 0.23125 0.046875 0.03359375
3 0.31328125 0.26328125 0.059375 0.0359375
3 0.58046875 0.08828125 0.0421875 0.04453125
3 0.84609375 0.446875 0.04140625 0.0265625