1 0.67734375 0.175 0.0234375 0.025
1 0.65859375 0.2015625 0.046875 0.02890625
1 0.69296875 0.21640625 0.03125 0.0125
1 0.7203125 0.23828125 0.0265625 0.0140625
1 0.56640625 0.1796875 0.06796875 0.03359375
1 0.63203125 0.66171875 0.0296875 0.02109375
1 0.5109375 0.68515625 0.05625 0.0546875
1 0.3 0.69609375 0.0453125 0.025
1 0.3953125 0.6953125 0.03828125 0.03515625
1 0.475 0.58828125 0.06796875 0.0484375
1 0.2796875 0.57421875 0.05625 0.04140625
1 0.3234375 0.59296875 0.03828125 0.01875
1 0.284375 0.6421875 0.046875 0.03125
1 0.40625 0.4953125 0.053125 0.03125
1 0.4109375 0.5203125 0.06015625 0.03515625
1 0.21953125 0.4109375 0.053125 0.0171875
1 0.50390625 0.1953125 0.04296875 0.025
1 0.584375 0.21015625 0.03984375 0.0203125
1 0.5625 0.253125 0.053125 0.02890625
1 0.56484375 0.29609375 0.03515625 0.03984375
1 0.62109375 0.28125 0.04140625 0.0421875
1 0.41015625 0.25078125 0.03828125 0.02890625
1 0.4703125 0.2171875 0.06484375 0.03359375
1 0.509375 0.2546875 0.0296875 0.0203125
1 0.4453125 0.29375 0.075 0.03515625
1 0.50234375 0.390625 0.06015625 0.0515625
1 0.51875 0.325 0.0796875 0.02265625
1 0.396875 0.33125 0.0484375 0.03984375
1 0.43203125 0.3765625 0.04140625 0.0390625
1 0.45625 0.33671875 0.06015625 0.02890625
1 0.2890625 0.3390625 0.03828125 0.0375
1 0.32578125 0.38984375 0.06015625 0.0546875
1 0.359375 0.36015625 0.0734375 0.03515625
1 0.34765625 0.4390625 0.05 0.0375
1 0.3203125 0.47421875 0.071875 0.03359375
1 0.25625 0.4328125 0.08671875 0.06015625
1 0.1890625 0.4953125 0.06796875 0.0578125
1 0.125 0.56640625 0.06953125 0.03515625
1 0.48828125 0.5265625 0.06484375 0.0453125
1 0.415625 0.57890625 0.05625 0.05
1 0.33203125 0.65390625 0.04140625 0.0375
1 0.1703125 0.61875 0.075 0.0546875
1 0.2203125 0.62734375 0.06796875 0.04765625
1 0.128125 0.653125 0.0765625 0.07109375
1 0.040625 0.6203125 0.06796875 0.03359375
1 0.0453125 0.671875 0.046875 0.04609375
1 0.06171875 0.71796875 0.05 0.02890625
1 0.0859375 0.6734375 0.0453125 0.03125
1 0.18125 0.69609375 0.06015625 0.0421875
1 0.240625 0.69921875 0.06484375 0.04375
1 0.16484375 0.7234375 0.05625 0.03359375
1 0.27109375 0.8390625 0.05625 0.03984375
1 0.31015625 0.8328125 0.03828125 0.03515625
1 0.34921875 0.8015625 0.06953125 0.03984375
1 0.41875 0.84453125 0.06796875 0.0515625
1 0.38359375 0.88359375 0.08515625 0.03984375
1 0.33046875 0.90703125 0.09140625 0.0515625
1 0.49453125 0.9265625 0.0828125 0.06015625
1 0.48984375 0.7921875 0.06796875 0.03359375
1 0.54609375 0.81953125 0.0796875 0.04375