2 0.7765625 0.775 0.01484375 0.00859375
2 0.72421875 0.7921875 0.03984375 0.0375
2 0.71484375 0.74296875 0.02421875 0.02421875
2 0.75625 0.75625 0.04921875 0.02890625
2 0.8046875 0.7640625 0.046875 0.03125
2 0.78828125 0.8140625 0.04453125 0.046875
2 0.721875 0.83671875 0.0640625 0.02890625
2 0.62265625 0.840625 0.046875 0.02890625
2 0.646875 0.878125 0.0515625 0.02890625
2 0.66796875 0.7921875 0.04375 0.0421875
2 0.60390625 0.75078125 0.04453125 0.0359375
2 0.64921875 0.72109375 0.05625 0.05078125
2 0.7125 0.70546875 0.03984375 0.02890625
2 0.721875 0.66484375 0.04453125 0.04453125
2 0.671875 0.6265625 0.03203125 0.01796875
2 0.71328125 0.57265625 0.046875 0.0421875
2 0.8234375 0.50390625 0.03984375 0.03359375
2 0.84296875 0.37734375 0.04453125 0.0421875
2 0.78125 0.3640625 0.06875 0.05546875
2 0.76640625 0.31328125 0.05390625 0.0375
2 0.76796875 0.196875 0.04140625 0.03125
2 0.653125 0.11015625 0.04375 0.03984375