1 0.4890625 0.24609375 0.0796875 0.05859375
1 0.55546875 0.27265625 0.06640625 0.05859375
1 0.4875 0.3234375 0.0640625 0.06015625
1 0.4390625 0.29921875 0.0375 0.0515625
1 0.40546875 0.3203125 0.046875 0.05
1 0.35546875 0.31484375 0.053125 0.06640625
1 0.35234375 0.41171875 0.0421875 0.046875
1 0.34921875 0.48359375 0.0890625 0.046875
1 0.3 0.59921875 0.09296875 0.05859375
1 0.38984375 0.62421875 0.078125 0.05859375
1 0.45234375 0.5859375 0.08203125 0.06171875
1 0.4640625 0.521875 0.0359375 0.03671875
1 0.215625 0.5046875 0.07109375 0.05
1 0.26015625 0.6703125 0.06640625 0.046875
1 0.3265625 0.7328125 0.0625 0.0515625
1 0.44140625 0.74609375 0.0640625 0.071875
1 0.46015625 0.06015625 0.0796875 0.046875
1 0.5125 0.10859375 0.09140625 0.05703125
1 0.5578125 0.1546875 0.115625 0.06328125
1 0.28671875 0.27734375 0.084375 0.08828125
1 0.44921875 0.40078125 0.0625 0.06796875
1 0.621875 0.31640625 0.09296875 0.11328125
1 0.3796875 0.53984375 0.10234375 0.06640625
1 0.0765625 0.57421875 0.0953125 0.0515625
1 0.25 0.753125 0.05546875 0.05
1 0.0953125 0.80703125 0.07109375 0.06328125
1 0.5265625 0.73203125 0.0578125 0.06328125
1 0.278125 0.8890625 0.084375 0.0515625
1 0.178125 0.340625 0.06640625 0.03828125
1 0.13671875 0.3953125 0.06875 0.06328125
1 0.265625 0.41171875 0.0640625 0.046875
1 0.55859375 0.0421875 0.0640625 0.03828125
1 0.5109375 0.53671875 0.0578125 0.03671875
1 0.52421875 0.625 0.04453125 0.0296875
1 0.4890625 0.6453125 0.04453125 0.03671875
1 0.33671875 0.6796875 0.046875 0.03359375
1 0.3890625 0.696875 0.07109375 0.03671875
1 0.17578125 0.82890625 0.0578125 0.03828125
1 0.315625 0.778125 0.0578125 0.03671875
1 0.08984375 0.73671875 0.06875 0.03984375
1 0.2046875 0.6578125 0.0578125 0.04140625
1 0.4234375 0.19296875 0.06015625 0.046875
1 0.521875 0.21328125 0.07109375 0.046875
1 0.6203125 0.24296875 0.06640625 0.03671875
1 0.23125 0.85234375 0.0578125 0.03515625
1 0.2921875 0.8359375 0.05078125 0.03203125
1 0.5359375 0.684375 0.053125 0.04140625
1 0.59140625 0.21484375 0.04453125 0.03984375
1 0.18203125 0.7859375 0.06640625 0.04140625
1 0.25078125 0.8125 0.053125 0.03515625
1 0.38359375 0.82734375 0.06015625 0.0546875
1 0.38984375 0.740625 0.06015625 0.03515625
1 0.4421875 0.4796875 0.084375 0.053125