2 0.7125 0.60078125 0.021875 0.053125
2 0.63203125 0.62109375 0.0375 0.05390625
2 0.4796875 0.41015625 0.05703125 0.07890625
2 0.37578125 0.30546875 0.04609375 0.05390625
2 0.40390625 0.3359375 0.03359375 0.0484375
2 0.31484375 0.3375 0.04609375 0.0609375
2 0.315625 0.30078125 0.05078125 0.07890625
2 0.3140625 0.1515625 0.05078125 0.0765625
2 0.41953125 0.43671875 0.0390625 0.0609375
2 0.33828125 0.6546875 0.04375 0.05859375
2 0.30390625 0.6875 0.07421875 0.04296875
2 0.3953125 0.72109375 0.0640625 0.06328125
2 0.390625 0.5859375 0.0375 0.0484375
2 0.39453125 0.634375 0.0390625 0.07421875
2 0.42734375 0.56640625 0.0375 0.05078125
2 0.4375 0.61484375 0.03359375 0.05625
2 0.4515625 0.284375 0.034375 0.0765625
2 0.41640625 0.22421875 0.0390625 0.0484375
2 0.54609375 0.1734375 0.06796875 0.09375
2 0.36875 0.47890625 0.07109375 0.03828125
2 0.3296875 0.54140625 0.05078125 0.08125
2 0.26953125 0.58046875 0.0390625 0.084375
2 0.23515625 0.5375 0.059375 0.08359375
2 0.31171875 0.7453125 0.0390625 0.0453125
2 0.340625 0.76953125 0.0390625 0.06875
2 0.38359375 0.8625 0.040625 0.08125
2 0.48359375 0.89375 0.0609375 0.06875
2 0.4953125 0.6328125 0.04375 0.0609375
2 0.54765625 0.57578125 0.0609375 0.0640625
2 0.54609375 0.5015625 0.05703125 0.06875
2 0.59609375 0.7078125 0.05546875 0.07890625
2 0.64609375 0.78984375 0.0640625 0.09921875
2 0.76328125 0.721875 0.08984375 0.096875