2 0.27734375 0.496875 0.021875 0.0375
2 0.55 0.8421875 0.04921875 0.03125
2 0.5359375 0.92421875 0.02734375 0.053125
2 0.5875 0.8875 0.03671875 0.02421875
2 0.6515625 0.88203125 0.0515625 0.04453125
2 0.70390625 0.8453125 0.0515625 0.0375
2 0.828125 0.82890625 0.025 0.0359375
2 0.78359375 0.8109375 0.059375 0.04453125
2 0.79453125 0.765625 0.03671875 0.0203125
2 0.8546875 0.73359375 0.06875 0.0578125
2 0.8671875 0.4140625 0.034375 0.03984375
2 0.86640625 0.36171875 0.03203125 0.03828125
2 0.51640625 0.540625 0.04140625 0.04921875
2 0.565625 0.52734375 0.0515625 0.02265625
2 0.56328125 0.5734375 0.04140625 0.053125
2 0.53359375 0.615625 0.03671875 0.053125
2 0.77265625 0.64765625 0.03671875 0.01953125
2 0.57421875 0.7140625 0.03984375 0.0203125
2 0.68359375 0.71171875 0.03671875 0.02890625
2 0.65703125 0.75859375 0.03671875 0.02421875