2 0.5890625 0.6203125 0.021875 0.05078125
2 0.42265625 0.61875 0.0234375 0.04375
2 0.43515625 0.58203125 0.0421875 0.0453125
2 0.534375 0.4890625 0.0234375 0.028125
2 0.70546875 0.33515625 0.02734375 0.05625
2 0.4015625 0.5578125 0.02890625 0.028125
2 0.3875 0.59375 0.025 0.03828125
2 0.4765625 0.60625 0.0234375 0.028125
2 0.4578125 0.64453125 0.0234375 0.03828125
2 0.51640625 0.5296875 0.021875 0.053125
2 0.53984375 0.57578125 0.03203125 0.0328125
2 0.60546875 0.55859375 0.0234375 0.040625
2 0.60234375 0.67890625 0.02890625 0.040625
2 0.6421875 0.66328125 0.0234375 0.0453125
2 0.578125 0.8609375 0.03046875 0.04296875
2 0.64296875 0.8546875 0.025 0.04609375
2 0.6578125 0.89609375 0.034375 0.053125