2 0.71328125 0.41640625 0.053125 0.0296875
2 0.65703125 0.36484375 0.0421875 0.03984375
2 0.60078125 0.35078125 0.03359375 0.0484375
2 0.57578125 0.3171875 0.0359375 0.03203125
2 0.52109375 0.353125 0.05546875 0.04296875
2 0.35546875 0.31015625 0.053125 0.04296875
2 0.378125 0.3921875 0.04453125 0.04140625
2 0.43984375 0.39453125 0.0359375 0.04140625
2 0.578125 0.42109375 0.09765625 0.0515625
2 0.5796875 0.5375 0.07109375 0.05859375
2 0.4296875 0.659375 0.05546875 0.0484375
2 0.4203125 0.71015625 0.03125 0.046875
2 0.478125 0.715625 0.04453125 0.0546875
2 0.4765625 0.76015625 0.05546875 0.06015625
2 0.5640625 0.68515625 0.03984375 0.05
2 0.9578125 0.578125 0.04921875 0.04296875
2 0.92109375 0.5359375 0.05546875 0.04140625
2 0.46015625 0.32109375 0.0796875 0.06796875
2 0.40546875 0.30859375 0.046875 0.046875
2 0.496875 0.41640625 0.046875 0.06328125
2 0.58671875 0.47109375 0.0625 0.06171875
2 0.6375 0.4953125 0.0625 0.0703125
2 0.696875 0.57421875 0.06875 0.06484375
2 0.87890625 0.59140625 0.06875 0.05703125
2 0.48671875 0.5671875 0.0796875 0.0546875
2 0.48203125 0.6046875 0.07109375 0.0296875
2 0.5 0.64765625 0.07578125 0.0546875
2 0.596875 0.8265625 0.078125 0.05
2 0.54296875 0.7390625 0.06015625 0.03828125