1 0.609375 0.0875 0.0359375 0.04765625
1 0.5953125 0.16015625 0.04296875 0.04921875
1 0.70078125 0.0296875 0.0359375 0.01796875
1 0.73828125 0.05078125 0.03828125 0.01953125
1 0.4859375 0.40078125 0.06171875 0.059375
1 0.59453125 0.47578125 0.05859375 0.0453125
1 0.56171875 0.6296875 0.034375 0.0375
1 0.51015625 0.625 0.04453125 0.046875
1 0.6328125 0.7015625 0.08984375 0.053125
1 0.68359375 0.71640625 0.053125 0.05078125
1 0.74453125 0.68515625 0.05859375 0.06328125
1 0.81171875 0.7515625 0.06171875 0.046875
1 0.89765625 0.34765625 0.0328125 0.03984375
1 0.78984375 0.340625 0.05859375 0.0375
1 0.8515625 0.4 0.065625 0.04375
1 0.8234375 0.43359375 0.0671875 0.04921875
1 0.92578125 0.43671875 0.0828125 0.05078125
1 0.653125 0.3515625 0.07265625 0.06171875
1 0.628125 0.278125 0.0671875 0.0390625
1 0.58125 0.34921875 0.06171875 0.04921875
1 0.53203125 0.328125 0.0703125 0.0609375
1 0.49140625 0.2765625 0.05859375 0.053125
1 0.65234375 0.5328125 0.07421875 0.0671875
1 0.6765625 0.48515625 0.08828125 0.059375
1 0.76640625 0.55703125 0.0296875 0.02421875
1 0.81015625 0.62265625 0.08984375 0.0609375
1 0.65078125 0.6453125 0.08828125 0.06484375
1 0.71484375 0.775 0.09140625 0.04375
1 0.875 0.7328125 0.0703125 0.065625
1 0.8296875 0.803125 0.0796875 0.04921875
1 0.928125 0.79140625 0.053125 0.0515625
1 0.790625 0.859375 0.05703125 0.04375
1 0.91171875 0.9 0.0515625 0.028125
1 0.89296875 0.9609375 0.04140625 0.03125
1 0.92265625 0.490625 0.034375 0.0453125
1 0.96640625 0.5953125 0.053125 0.06171875
1 0.446875 0.63046875 0.0515625 0.04765625
1 0.4734375 0.5046875 0.04296875 0.03125
1 0.46015625 0.43671875 0.04453125 0.03984375
1 0.378125 0.37734375 0.05 0.0296875
1 0.7015625 0.428125 0.05859375 0.046875
1 0.73515625 0.5390625 0.053125 0.03984375
1 0.83828125 0.525 0.03828125 0.0390625
1 0.6765625 0.0890625 0.053125 0.0234375
1 0.7109375 0.10234375 0.04296875 0.02578125
1 0.86015625 0.02734375 0.05859375 0.0234375
1 0.95625 0.021875 0.0671875 0.02578125
1 0.89296875 0.0140625 0.03828125 0.028125
1 0.6265625 0.1359375 0.05703125 0.03125
1 0.75859375 0.075 0.0515625 0.02578125
1 0.56171875 0.2015625 0.03828125 0.0390625
1 0.73828125 0.353125 0.034375 0.03359375
1 0.71484375 0.37734375 0.05 0.03203125
1 0.76171875 0.421875 0.04453125 0.02578125
1 0.76640625 0.45546875 0.05 0.03359375
1 0.7734375 0.38203125 0.04296875 0.03203125
1 0.628125 0.75390625 0.03984375 0.03359375
1 0.9734375 0.82890625 0.05 0.03125
1 0.88828125 0.83203125 0.0515625 0.03359375
1 0.884375 0.79921875 0.03828125 0.028125
1 0.86484375 0.88203125 0.04296875 0.02578125
1 0.971875 0.52578125 0.0359375 0.03515625
1 0.57734375 0.43515625 0.0484375 0.02734375