2 0.70546875 0.4734375 0.03515625 0.06640625
2 0.7421875 0.52421875 0.040625 0.065625
2 0.66953125 0.33359375 0.040625 0.06328125
2 0.63671875 0.39453125 0.040625 0.084375
2 0.7 0.23125 0.03359375 0.0453125
2 0.5890625 0.28828125 0.03515625 0.09375
2 0.52421875 0.29609375 0.040625 0.084375
2 0.48828125 0.2328125 0.03046875 0.06015625
2 0.471875 0.29453125 0.04765625 0.08125
2 0.43828125 0.28671875 0.059375 0.09609375
2 0.35234375 0.33359375 0.03515625 0.06875
2 0.31484375 0.340625 0.0421875 0.078125
2 0.3078125 0.2625 0.02890625 0.065625
2 0.43125 0.3921875 0.0421875 0.0546875
2 0.35078125 0.44453125 0.04609375 0.06328125
2 0.27109375 0.39921875 0.03515625 0.0640625
2 0.2546875 0.45234375 0.03046875 0.06015625
2 0.40859375 0.5015625 0.0375 0.06875
2 0.45390625 0.60078125 0.04296875 0.05703125
2 0.3203125 0.51953125 0.03359375 0.0640625
2 0.61640625 0.875 0.04921875 0.05703125
2 0.77265625 0.5890625 0.03046875 0.0453125
2 0.84296875 0.59375 0.03203125 0.06015625
2 0.25703125 0.77265625 0.03203125 0.06953125
2 0.2296875 0.546875 0.04453125 0.08125
2 0.265625 0.57890625 0.04921875 0.071875