3 0.803125 0.7984375 0.0296875 0.0453125
3 0.884375 0.8125 0.025 0.03046875
3 0.46875 0.80078125 0.065625 0.0578125
3 0.21171875 0.5421875 0.065625 0.0578125
3 0.228125 0.35234375 0.0359375 0.0453125
3 0.27109375 0.39296875 0.040625 0.05546875
3 0.38515625 0.3375 0.0578125 0.08125
3 0.20859375 0.2109375 0.071875 0.05390625
3 0.1 0.2203125 0.053125 0.0796875
3 0.07734375 0.153125 0.0703125 0.0453125
3 0.20546875 0.27421875 0.0625 0.0421875
3 0.17421875 0.3703125 0.065625 0.05390625
3 0.1046875 0.3546875 0.05 0.04765625
3 0.1546875 0.09140625 0.0703125 0.07109375
3 0.159375 0.47578125 0.0796875 0.0625
3 0.3359375 0.40625 0.0546875 0.05234375
3 0.4765625 0.51640625 0.059375 0.059375
3 0.34296875 0.271875 0.06875 0.07109375