2 0.18046875 0.43984375 0.04453125 0.0375
2 0.178125 0.3328125 0.0296875 0.02890625
2 0.59765625 0.2078125 0.03671875 0.04453125
2 0.16796875 0.53671875 0.0390625 0.02421875
2 0.159375 0.56015625 0.03671875 0.0265625
2 0.14609375 0.5921875 0.034375 0.046875
2 0.1375 0.61796875 0.04140625 0.01796875
2 0.17265625 0.64453125 0.04921875 0.03125
2 0.19765625 0.59453125 0.0296875 0.02421875
2 0.2234375 0.6421875 0.03671875 0.021875
2 0.17265625 0.71640625 0.0296875 0.0421875
2 0.2125 0.74140625 0.0390625 0.0375
2 0.25703125 0.69296875 0.04453125 0.03125
2 0.421875 0.6109375 0.04453125 0.0359375
2 0.2984375 0.73671875 0.0390625 0.03828125
2 0.2890625 0.77890625 0.03984375 0.03359375
2 0.315625 0.8109375 0.0296875 0.04453125
2 0.35859375 0.80625 0.03671875 0.03984375
2 0.33203125 0.8421875 0.02734375 0.03125
2 0.32421875 0.875 0.0515625 0.02265625
2 0.5296875 0.9515625 0.04921875 0.03359375
2 0.60390625 0.94140625 0.025 0.0265625
2 0.37578125 0.74296875 0.046875 0.03828125
2 0.55625 0.91484375 0.046875 0.04453125