3 0.4375 0.75078125 0.0515625 0.0359375
3 0.46796875 0.8953125 0.04921875 0.04921875
3 0.47578125 0.94375 0.03984375 0.03515625
3 0.61484375 0.9515625 0.03203125 0.02890625
3 0.6421875 0.82421875 0.04140625 0.04453125
3 0.70625 0.73671875 0.03671875 0.046875
3 0.82578125 0.67890625 0.0640625 0.05078125
3 0.83125 0.62109375 0.03203125 0.03359375
3 0.8921875 0.51484375 0.04921875 0.046875
3 0.63125 0.32890625 0.04921875 0.0515625
3 0.409375 0.34765625 0.059375 0.053125
3 0.41328125 0.43359375 0.05703125 0.06640625
3 0.52265625 0.28515625 0.034375 0.03125
3 0.42734375 0.2375 0.04140625 0.0421875
3 0.40703125 0.19921875 0.0640625 0.04453125
3 0.509375 0.14765625 0.05625 0.03125
3 0.4546875 0.13671875 0.03203125 0.03125
3 0.51796875 0.20078125 0.059375 0.04453125
3 0.3453125 0.215625 0.04921875 0.03359375