3 0.4328125 0.55546875 0.03046875 0.0328125
3 0.4546875 0.60625 0.03046875 0.04296875
3 0.5546875 0.7515625 0.0171875 0.05390625
3 0.528125 0.8046875 0.02578125 0.04296875
3 0.48828125 0.84921875 0.02734375 0.040625
3 0.47265625 0.80234375 0.02578125 0.04296875
3 0.4171875 0.82109375 0.03359375 0.040625
3 0.34140625 0.76796875 0.01328125 0.04609375
3 0.35703125 0.8203125 0.02578125 0.028125
3 0.38046875 0.85078125 0.0203125 0.03828125
3 0.40625 0.68515625 0.02890625 0.05859375
3 0.4921875 0.68515625 0.02734375 0.04296875
3 0.48359375 0.62265625 0.0234375 0.040625